[[-3.0, 4.0, 0.0], [0.0, 16.0, 3.0]], #007BFF, 4.0
[[-1002.0, -16.0, -251.0], [-998.0, -4.0, -248.0]], #FF0000, 4.0
[[-13.003472811189326, 3.999991835306915, -0.035771109969547465], [-10.003472811258792, 15.999991834572832, 2.9642288899630085]], #007BFF, 4.1
[[-991.9984441876314, -16.00001123324785, -250.98224929292496], [-987.9984441664727, -4.000011233813094, -247.98225319272836]], #FF0000, 4.1
[[-23.010152354544967, 4.001865886223488, -0.14628478179546156], [-20.010152354614437, 16.001865885489405, 2.8537152181370944]], #007BFF, 4.2
[[-981.9961838301391, -16.001243187648345, -250.93540294098938], [-977.9961837944055, -4.001243138650725, -247.93541812890464]], #FF0000, 4.2
[[-33.01532191026811, 4.005029235683622, -0.3190923365680953], [-30.015321910337583, 16.00502923494954, 2.6809076633644606]], #007BFF, 4.3
[[-971.9959916737528, -16.003054002921765, -250.84856491923819], [-967.9959914310789, -4.003053929456239, -247.84859751037555]], #FF0000, 4.3
[[-43.01330051291919, 4.008927726803542, -0.5442396130892233], [-40.01330051298865, 16.00892772606946, 2.455760386843332]], #007BFF, 4.4
[[-962.001444052953, -16.005001128137597, -250.71126619358], [-958.0014433513049, -4.005001071024437, -247.7113214200312]], #FF0000, 4.4
[[-52.998743489161264, 4.012975871985626, -0.8160601377741188], [-49.998743489230726, 16.01297587125154, 2.1839398621584367]], #007BFF, 4.5
[[-952.0162970764325, -16.00687855248615, -250.51825581078955], [-948.0162955900234, -4.006878552664777, -247.51833806606496]], #FF0000, 4.5
[[-62.96655088823997, 4.0165743178487645, -1.1312056027089628], [-59.96655088830945, 16.01657431711468, 1.868794397223593]], #007BFF, 4.6
[[-942.0435879454959, -16.008459908968295, -250.27041533635256], [-938.0435852780055, -4.008459818248363, -247.27052816138124]], #FF0000, 4.6
[[-72.91223903280672, 4.019171441069921, -1.4876999086866882], [-69.91223896425663, 16.01917144320233, 1.5123000912286322]], #007BFF, 4.7
[[-932.0859456480131, -16.009574540967087, -249.9725229471813], [-928.0859413520319, -4.009574328457897, -246.97266936433044]], #FF0000, 4.7
[[-82.83224886870741, 4.020278306700307, -1.8841784096392524], [-79.83224817627107, 16.020278343848865, 1.1158206714130492]], #007BFF, 4.8
[[-922.1455808526025, -16.01007024705789, -249.6316581148027], [-918.1455744363991, -4.01006990675062, -246.63184037986247]], #FF0000, 4.8
[[-92.72420973500564, 4.019467533419216, -2.3193654184436916], [-89.72420771447003, 16.01946766421402, 0.680625625141041]], #007BFF, 4.9
[[-912.2242698055198, -16.009802401311504, -249.25675043871757], [-908.224260723992, -4.009801950629333, -246.25696966808664]], #FF0000, 4.9
[[-102.58716819095575, 4.016370176219048, -2.7917818610911125], [-99.5871642442856, 16.01637047085215, 0.2081919533231107]], #007BFF, 5.0
[[-902.3233508738331, -16.008673973417935, -248.85689904456223], [-898.3233385311487, -4.0086734465486735, -245.85715579839325]], #FF0000, 5.0
[[-102.58716819095575, 4.0163701762190485, -2.7917818610911125], [-99.5871642442856, 16.01637047085215, 0.2081919533231107]], #007BFF, 5.0
[[-902.3233508738331, -16.008673973417935, -248.85689904456223], [-898.3233385311487, -4.0086734465486735, -245.85715579839325]], #FF0000, 5.0
[[-112.37753904747356, 4.0091192135621645, -3.2996847160563356], [-109.4659527893725, 16.009119519586832, -0.2996905947078079]], #007BFF, 5.1
[[-892.443739831027, -16.007113304150234, -248.43935137705972], [-888.4437262204062, -4.007112758817695, -245.43960748695832]], #FF0000, 5.1
[[-122.186026580447, 3.992397332319336, -3.8410019499651495], [-119.27443816763709, 15.99239754209789, -0.8409991679231066]], #007BFF, 5.2
[[-882.5860223557661, -16.013888453015543, -248.0091269145559], [-878.5860076197227, -4.013887718001605, -245.00939112971992]], #FF0000, 5.2
[[-131.9725400613343, 3.9677549118551587, -4.413873698496726], [-129.06094951315038, 15.967755043972861, -1.413872820107676]], #007BFF, 5.3
[[-872.750469580351, -16.02813978188468, -247.56961711171], [-868.7504538212271, -4.028138914163503, -244.56989690978077]], #FF0000, 5.3
[[-141.74304463674838, 3.9369466678151888, -5.016835705342268], [-138.8314521479292, 15.936946730667831, -2.016846376978106]], #007BFF, 5.4
[[-862.9371676234699, -16.046523548527627, -247.12305136562074], [-858.937150895454, -4.046522706021677, -244.12335321166987]], #FF0000, 5.4
[[-151.5053079810734, 3.9012569419213143, -5.6485151384518835], [-148.59371398423067, 15.901256954151322, -2.6485460363263416]], #007BFF, 5.5
[[-853.1461177373843, -16.065338599277478, -246.67105101581643], [-849.1461000663268, -4.065337873119485, -243.67138051976082]], #FF0000, 5.5
[[-161.26903081606133, 3.862072745077552, -6.3045761913277785], [-158.3574361023322, 15.862072778910914, -3.3046343702001613]], #007BFF, 5.6
[[-843.3772733755637, -16.080583391747837, -246.21511919965386], [-839.377254786801, -4.080582683809413, -243.2154812264491]], #FF0000, 5.6
[[-171.04568879477276, 3.8211215807795087, -6.977585116538284], [-168.1340944966196, 15.82112177818373, -3.977676148849854]], #007BFF, 5.7
[[-833.6305477885426, -16.08771915625028, -245.75676795187027], [-829.6305283257941, -4.087718248517758, -242.75716670691716]], #FF0000, 5.7
[[-180.84760361089175, 3.7805126957107786, -7.6615968667338175], [-177.93601110486938, 15.780513262682373, -4.661726150876887]], #007BFF, 5.8
[[-823.905803492627, -16.081684820523844, -245.29755818139276], [-819.9057832235776, -4.081683610784984, -242.29799727187535]], #FF0000, 5.8
[[-190.68658559125447, 3.7425414829393278, -8.357494916612374], [-187.77499637673043, 15.742542647334758, -5.357668109943458]], #007BFF, 5.9
[[-814.2028348071402, -16.05702260638916, -244.83914993156546], [-810.2028138195175, -4.057020983594145, -241.83963242372803]], #FF0000, 5.9
[[-200.57318948361416, 3.710102457872262, -9.043884746147759], [-197.66160476165055, 15.710104746341985, -6.04410408015861]], #007BFF, 6.0
[[-804.5213510560208, -16.008045833066028, -244.38332469614105], [-800.521329450395, -4.008043681830904, -241.38385317875904]], #FF0000, 6.0
[[-200.57318948361416, 3.710102457872262, -9.043884746147759], [-197.66160476165055, 15.710104746341985, -6.0441040801586094]], #007BFF, 6.0
[[-804.5213510560208, -16.008045833066028, -244.38332469614105], [-800.521329450395, -4.008043681830905, -241.38385317875904]], #FF0000, 6.0
[[-210.50995665449128, 3.687149850361358, -9.70567283218356], [-207.59835989505038, 15.687154358336738, -6.705908662996513]], #007BFF, 6.1
[[-794.8609710585175, -15.928109732054882, -243.93167421816656], [-790.8609404214347, -3.9281020563885276, -240.93217349046233]], #FF0000, 6.1
[[-220.49468446240485, 3.67744477105298, -10.339452213366593], [-217.58307513820807, 15.677451701231561, -7.339716083086225]], #007BFF, 6.2
[[-785.2215728373287, -15.796846916491845, -243.48501445131436], [-781.2215338712779, -3.7968348621108703, -240.48549944150537]], #FF0000, 6.2
[[-230.52272806440226, 3.684341421417642, -10.952680015879135], [-227.6111048399315, 15.684351448925312, -7.952982651480237]], #007BFF, 6.3
[[-775.6025789296015, -15.61004164918532, -243.0465873987697], [-771.6025322435452, -3.6100257618331595, -240.04707120803675]], #FF0000, 6.3
[[-240.58872047732243, 3.7116328308284467, -11.5584996347779], [-237.6770816675489, 15.711645868413456, -8.558847306250309]], #007BFF, 6.4
[[-766.0030203033199, -15.37043827245055, -242.61906851201357], [-762.0029665658391, -3.3704198986864045, -239.61956192124754]], #FF0000, 6.4
[[-250.68676620092342, 3.7639939856910303, -12.167958227104595], [-247.77510972865113, 15.76400973492273, -9.16835449692385]], #007BFF, 6.5
[[-756.4216707791257, -15.080986923654748, -242.2026928034904], [-752.4216106927262, -3.08096438961773, -239.20320480192393]], #FF0000, 6.5
[[-260.8104448270375, 3.8468667617972994, -12.789846815219784], [-257.89876828317244, 15.846884975090498, -9.790294177524467]], #007BFF, 6.6
[[-746.8569774464119, -14.74498143604195, -241.79712647629657], [-742.856911779815, -2.7449543355117, -238.79766484675417]], #FF0000, 6.6
[[-270.9525045139079, 3.96568137703248, -13.431678243263672], [-268.04080540261, 15.965701766127578, -10.432178300084832]], #007BFF, 6.7
[[-737.3070710711766, -14.36636887685853, -241.4022819004802], [-733.307000657305, -2.36633711261, -238.40285365488137]], #FF0000, 6.7
[[-281.1051466270325, 4.125299994376726, -14.101221525125752], [-278.193422355167, 16.125322027225252, -11.10177426576604]], #007BFF, 6.8
[[-727.7698089573182, -13.94957794263604, -241.01850731614977], [-723.7697346847692, -1.9495413999041986, -238.01911894890904]], #FF0000, 6.8
[[-291.26029564637275, 4.329723583683571, -14.805615243509619], [-288.34854373162676, 16.329746400645902, -11.806220911782534]], #007BFF, 6.9
[[-718.2427994566779, -13.499504565549245, -240.6466681914769], [-714.2427222617314, -1.4994630997622025, -237.64732578818794]], #FF0000, 6.9
[[-301.41004606191547, 4.582343488661298, -15.550057415733246], [-298.4982643164396, 16.58236608565218, -12.550717415496667]], #007BFF, 7.0
[[-708.7234087304133, -13.0215322750213, -240.28804944619753], [-704.7233295902528, -1.0214856889623727, -237.2887587113405]], #FF0000, 7.0
[[-301.41004606191547, 4.582343488661298, -15.550057415733246], [-298.4982643164396, 16.58236608565218, -12.550717415496667]], #007BFF, 7.0
[[-708.7234087304133, -13.0215322750213, -240.28804944619753], [-704.7233295902528, -1.0214856889623718, -237.2887587113405]], #FF0000, 7.0
[[-311.5469874284715, 4.8863416468279475, -16.337846266365446], [-308.63521788317615, 16.88636782151867, -13.338435481348279]], #007BFF, 7.1
[[-699.2087531840364, -12.521470901698407, -239.94427208330472], [-695.2086663321886, -0.5214142483025848, -236.94494645400187]], #FF0000, 7.1
[[-321.66456225927254, 5.244848674571767, -17.170441852350237], [-318.752804397927, 17.244877498296137, -14.17099179202975]], #007BFF, 7.2
[[-689.6956507890385, -12.00543915036614, -239.61705062962025], [-685.6955557272448, -0.005373663309389265, -236.6177072928323]], #FF0000, 7.2
[[-331.75729148185906, 5.66111476431223, -18.048150161641388], [-328.84554587296407, 17.661144308933228, -15.048685587773235]], #007BFF, 7.3
[[-680.1805223885473, -11.479759654557732, -239.30831020306857], [-676.1804168986565, 0.5203133485597293, -236.3089622740103]], #FF0000, 7.3
[[-341.8210296473489, 6.138564952031431, -18.97037461672052], [-338.90929815401074, 18.138592431201015, -15.97091576119415]], #007BFF, 7.4
[[-670.6587108606268, -10.950859107996468, -239.0188372348968], [-666.6585929594287, 1.0492194368510708, -236.01949327585208]], #FF0000, 7.4
[[-351.853174424054, 6.680754516849772, -19.93585444276374], [-348.94146029722714, 18.680776860916318, -16.936418339166494]], #007BFF, 7.5
[[-661.1258564141046, -10.423640436793749, -238.74769473679112], [-657.1257247840283, 1.5764401848159064, -235.74836230191391]], #FF0000, 7.5
[[-361.8528391116593, 7.291356578325537, -20.94280977162057], [-358.94114700350843, 19.291370639792774, -17.943411040926012]], #007BFF, 7.6
[[-651.5791259472875, -9.903231098905467, -238.49480719417292], [-647.5789804761756, 2.0968536446294515, -235.4954948633571]], #FF0000, 7.6
[[-371.82098487412276, 7.974165821691557, -21.988998748624194], [-368.9093208007143, 19.974168381867347, -18.989650195641534]], #007BFF, 7.7
[[-642.0160798155495, -9.396108965452642, -238.26155964340998], [-638.0159204642454, 2.603981002660129, -235.26227537364306]], #FF0000, 7.7
[[-381.7605367699728, 8.733086168636326, -23.071621305243607], [-378.8489080562172, 20.73307611411172, -20.072334531922355]], #007BFF, 7.8
[[-632.434237387773, -8.909560357968772, -238.04912538730545], [-628.4340642315906, 3.0905346014780353, -235.04987657357734]], #FF0000, 7.8
[[-391.67648361227214, 9.572059020248046, -24.187036774388968], [-388.7648987458143, 21.57203798558043, -21.187822475674256]], #007BFF, 7.9
[[-622.8312858397993, -8.451027147696257, -237.85806422961807], [-618.8310990796855, 3.5490725728555543, -234.85885771038252]], #FF0000, 7.9
[[-401.57596322264544, 10.494819489641007, -25.330279504177167], [-398.6644317268639, 22.494787842793354, -22.33114785135336]], #007BFF, 8.0
[[-613.2052395316913, -8.027910528537479, -237.68810582568196], [-609.2050394857253, 3.9721937007134605, -234.6889478880341]], #FF0000, 8.0
[[-401.57596322264544, 10.494819489641007, -25.330279504177167], [-398.6644317268639, 22.494787842793354, -22.33114785135336]], #007BFF, 8.0
[[-613.2052395316913, -8.027910528537479, -237.68810582568196], [-609.2050394857253, 3.9721937007134605, -234.6889478880341]], #FF0000, 8.0
[[-411.4683535700157, 11.504416344888536, -26.49416017832646], [-408.5568170927157, 23.504405268833278, -23.494869532688035]], #007BFF, 8.1
[[-603.5545567346029, -7.647369874432185, -237.53815486798194], [-599.554348581699, 4.352743542099242, -234.5389623501512]], #FF0000, 8.1
[[-421.3643254493463, 12.603792898375373, -27.67170758631284], [-418.45278325702157, 24.603797275292116, -24.672274991079014]], #007BFF, 8.2
[[-593.8782184073843, -7.316150637842833, -237.40622284190636], [-589.878004427178, 4.683970846248567, -234.40700563379733]], #FF0000, 8.2
[[-431.27452119940546, 13.79670237109578, -28.861305983406858], [-428.3629729650724, 25.796720346920562, -25.86174608454799]], #007BFF, 8.3
[[-584.1757332814151, -7.040532049143058, -237.28974765988954], [-580.1755153841153, 4.959595741115876, -234.2905149796166]], #FF0000, 8.3
[[-441.2085123784121, 15.08786353287596, -30.064604717942586], [-438.2969595299439, 27.08789635948941, -27.06493059773169]], #007BFF, 8.4
[[-574.4471118784815, -6.826304564986056, -237.1857618667754], [-570.446891445115, 5.173827576583094, -234.1865223461769]], #FF0000, 8.4
[[-451.174922111892, 16.480922372308648, -31.277754508686503], [-448.26336850922644, 28.48097081095753, -28.27797323538884]], #007BFF, 8.5
[[-564.6928113732225, -6.678763581965701, -237.0911092453849], [-560.6925891837706, 5.321374758864006, -234.09187095839943]], #FF0000, 8.5
[[-461.180182872391, 17.974123121054646, -32.479094111753724], [-458.2686357394683, 29.974184667895557, -29.479206700112574]], #007BFF, 8.6
[[-554.9136615511592, -6.602722986569259, -237.00263703425554], [-550.9134377971869, 5.397421797192838, -234.0034075218038]], #FF0000, 8.6
[[-471.22326813328664, 19.56750118162744, -33.65860783303208], [-468.31173517676484, 31.56757481811862, -30.658597357532106]], #007BFF, 8.7
[[-545.1107819899114, -6.6025653354815335, -236.9173480506503], [-541.110556354658, 5.397585508194225, -233.9181343502436]], #FF0000, 8.7
[[-481.2995615044924, 21.26186131519799, -34.81409599739865], [-478.38805057093583, 33.26194638529162, -31.81396230391897]], #007BFF, 8.8
[[-535.285499251383, -6.682304013172287, -236.83251141163225], [-531.2852710362652, 5.3178524275196555, -233.83332007916368]], #FF0000, 8.8
[[-491.40243073873205, 23.059435411926636, -35.9519608561177], [-488.49094827954775, 35.059531987895625, -32.95166807872727]], #007BFF, 8.9
[[-525.43927088723, -6.845645530280926, -236.74573581081967], [-521.4390391637907, 5.154516079160311, -233.7465729256853]], #FF0000, 8.9
[[-501.5251339040392, 24.96164736453136, -37.07691451086823], [-498.6136855337037, 36.96175635542066, -34.076431518993296]], #007BFF, 9.0
[[-515.5736209279235, -7.096042481544083, -236.65500963648964], [-511.5733846959772, 4.904124034046094, -233.6558807924771]], #FF0000, 9.0
[[-501.5251339040392, 24.96164736453136, -37.07691451086823], [-498.6136855337037, 36.96175635542066, -34.076431518993296]], #007BFF, 9.0
[[-515.5736209279235, -7.096042481544083, -236.65500963648964], [-511.5733846959772, 4.904124034046094, -233.6558807924771]], #FF0000, 9.0
[[-511.66061209455387, 27.273668407567015, -38.19272606449956], [-508.7491170185818, 38.66552845622087, -35.192365372553915]], #007BFF, 9.1
[[-505.6901271632444, -7.159508815537495, -236.5586148850239], [-501.68985555874445, 4.285498743890982, -233.55941238865702]], #FF0000, 9.1
[[-521.8014536248613, 29.38745677514275, -39.30258906893753], [-518.8899215047413, 40.77912409350578, -36.302357463576875]], #007BFF, 9.2
[[-495.7903704003936, -7.596233297550893, -236.45470476036695], [-491.7900682775652, 3.8487942967623896, -233.45544719948123]], #FF0000, 9.2
[[-531.9402853875231, 31.606274907767677, -40.4090656032109], [-529.0287242270738, 42.99773793600489, -37.408965692315114]], #007BFF, 9.3
[[-485.87581478674144, -8.131355297308755, -236.3425688310498], [-481.8754860966793, 3.313691748933934, -233.34327129968614]], #FF0000, 9.3
[[-542.0692099798824, 33.9294282686029, -41.51799082215346], [-539.1576261729925, 45.32067688571956, -38.51801918370348]], #007BFF, 9.4
[[-475.94785725895105, -8.76696079083299, -236.22190594646094], [-471.94750489765653, 2.6781037677513018, -233.22258056081472]], #FF0000, 9.4
[[-552.1799451577137, 36.35628060893305, -42.637511748245835], [-549.2683429624556, 47.74730554983459, -39.63766352504438]], #007BFF, 9.5
[[-466.0078375092553, -9.504725027989451, -236.09264594956878], [-462.00746337560736, 1.940354059667711, -233.0933023883844]], #FF0000, 9.5
[[-562.2645221789778, 38.8856796733756, -43.7745503629922], [-559.3529038407819, 50.276472028724505, -40.774822819514426]], #007BFF, 9.6
[[-456.05705127376575, -10.34601978316286, -235.95483898629183], [-452.0566556853122, 1.0990701930403155, -232.95548504985695]], #FF0000, 9.6
[[-572.3156580824784, 41.515719875465706, -44.93453848833751], [-569.4040237190438, 52.90627050989956, -41.93493028745861]], #007BFF, 9.7
[[-446.0967617834163, -11.291870636804086, -235.80862649822726], [-442.0963330324702, 0.15322632796144475, -232.80926866353323]], #FF0000, 9.7
[[-582.3269660505798, 44.24379926080152, -46.121582909305374], [-579.4153137625049, 55.634099238919056, -43.122094179407426]], #007BFF, 9.8
[[-436.12818450599144, -12.342856439114476, -235.65424465552317], [-432.1277207372264, -0.8977562708365898, -232.65488859444477]], #FF0000, 9.8
[[-592.2931750259647, 47.066835228308165, -47.3383327122748], [-589.3815012252246, 58.45687598563822, -44.3389651943558]], #007BFF, 9.9
[[-426.15250138295175, -13.49902414035541, -235.492023051191], [-422.15200112411617, -2.0539241188043684, -232.4926740755749]], #FF0000, 9.9
[[-602.2103526467746, 49.981383822853886, -48.58618097177034], [-599.2986524443826, 61.37115725158378, -45.58693759050967]], #007BFF, 10.0
[[-416.1708534240333, -14.759839878910835, -235.32237533249693], [-412.1703156907393, -3.3147426971777074, -232.32303873532655]], #FF0000, 10.0
[[-501.5251339040392, 24.96164736453136, -37.07691451086823], [-498.6136855337037, 36.96175635542066, -34.076431518993296]], #007BFF, 10.0
[[-515.5736209279235, -7.096042481544083, -236.65500963648964], [-511.5733846959772, 4.904124034046094, -233.6558807924771]], #FF0000, 10.0
[[-511.66064613009996, 26.969494031240046, -38.170178484539754], [-508.7490829830357, 38.96970283254784, -35.21491295251372]], #007BFF, 10.1
[[-505.6900697037344, -7.436719601714474, -236.55877466549185], [-501.6898689955904, 4.563428341360767, -233.55955378594666]], #FF0000, 10.1
[[-521.8015236069292, 29.083136669563437, -39.280002774189136], [-518.8898515226734, 41.083444199085086, -36.32494375832527]], #007BFF, 10.2
[[-495.7901618719551, -7.870726479118693, -236.45569978853277], [-491.7899955460698, 4.129398038493182, -233.4564101431744]], #FF0000, 10.2
[[-531.9403922940313, 31.30180544343945, -40.38643845391394], [-529.0286173205656, 43.30220740033312, -37.43159284161207]], #007BFF, 10.3
[[-485.87538080187073, -8.400915393484375, -236.34487536820382], [-481.8752486576427, 3.5991815602269277, -233.34553526983035]], #FF0000, 10.3
[[-542.0693533275694, 33.624807077396824, -41.49531777110064], [-539.1574828253056, 45.62529807692563, -38.5406922347563]], #007BFF, 10.4
[[-475.94716024152694, -9.029940282318588, -236.2256957692668], [-471.94706304708393, 2.9701257442496005, -233.2263195992452]], #FF0000, 10.4
[[-552.1801227855851, 36.051505896192275, -42.61478902318589], [-549.2681653345842, 48.052080262575366, -39.660386250104324]], #007BFF, 10.5
[[-466.00688564069964, -9.760236642007419, -236.09781055232966], [-462.0068250257859, 2.2398072537551106, -233.09840988767687]], #FF0000, 10.5
[[-562.2647306264594, 38.58074959976945, -43.75177673268401], [-559.3526953933003, 50.58140210233066, -40.79759644982262]], #007BFF, 10.6
[[-456.05590246255605, -10.593971119606646, -235.96107527194965], [-452.0558806744993, 1.4060542469383632, -232.96165982444097]], #FF0000, 10.6
[[-572.3158925572914, 41.21063217988659, -44.91171477122739], [-569.4037892442309, 53.211358205478675, -41.957754004568734]], #007BFF, 10.7
[[-446.0955284132935, -11.533009585191806, -235.8155022155931], [-442.0955479939017, 0.4669990857906079, -232.8160805966638]], #FF0000, 10.7
[[-582.3272205174316, 43.93855145100778, -46.098711632099786], [-579.4150592956531, 55.93934704871279, -43.144965456613015]], #007BFF, 10.8
[[-436.12706674846993, -12.578873276128286, -235.66121689676936], [-432.12713019551256, -0.5788798263731909, -232.66179723919265]], #FF0000, 10.8
[[-592.2934424786887, 46.761424625549026, -47.31541775601676], [-589.3812337725007, 58.76228658839736, -44.36188015061384]], #007BFF, 10.9
[[-426.1518181927423, -13.732698430123932, -235.4984193545705], [-422.15192765406766, -1.7327191571467013, -232.49900978398733]], #FF0000, 10.9
[[-602.2106254604313, 49.67580750650122, -48.563227093883256], [-599.2983796307259, 61.676733567936445, -45.609891468396754]], #007BFF, 11.0
[[-416.1710895996859, -14.995204360382536, -235.32735281553386], [-412.1712466311595, -2.9952386778608915, -232.32796175835608]], #FF0000, 11.0
[[-602.2103526467746, 49.981383822853886, -48.58618097177034], [-599.2986524443826, 61.37115725158378, -45.58693759050967]], #007BFF, 11.0
[[-416.1708534240333, -14.759839878910835, -235.32237533249693], [-412.1703156907393, -3.3147426971777065, -232.32303873532655]], #FF0000, 11.0
[[-612.075693449662, 52.98499615917517, -49.86543777785667], [-609.1639642149718, 64.37484597945058, -46.865872368583226]], #007BFF, 11.1
[[-406.1606051116456, -16.12381509053845, -235.1379027267561], [-402.2073915725862, -4.67865075660175, -232.15460092366274]], #FF0000, 11.1
[[-621.8870666323323, 56.078900041082676, -51.174479918931894], [-618.9753118117094, 67.46881690439523, -48.17460509103937]], #007BFF, 11.2
[[-396.1698652031631, -17.587068396230116, -234.95573229785313], [-392.2166908653246, -6.141836635342438, -231.97240721564881]], #FF0000, 11.2
[[-631.6456853752479, 59.25783179020419, -52.51312168859963], [-628.7339101850121, 70.64780999818021, -49.51295181052432]], #007BFF, 11.3
[[-386.17603763349337, -19.147601985841447, -234.76810885249967], [-382.22290089579315, -7.702305331563661, -231.7847673477121]], #FF0000, 11.3
[[-641.3547234962788, 62.51627170436051, -53.88061716996206], [-638.4429359495635, 73.90630843444654, -50.88016738949447]], #007BFF, 11.4
[[-376.18015042358473, -20.803235457176875, -234.57532781125428], [-372.22705044736125, -9.357877321291037, -231.59197611833378]], #FF0000, 11.4
[[-651.0190951488885, 65.84935288742682, -55.27552386490526], [-648.1073064023174, 77.23944592943488, -52.274809548544205]], #007BFF, 11.5
[[-366.18316642639456, -22.551376549965383, -234.3778093721401], [-362.2301032630256, -11.105960284201366, -231.39445368851082]], #FF0000, 11.5
[[-660.645466101519, 69.25279095459987, -56.695794196693875], [-657.7336909940144, 80.64293793914715, -53.694830057457715]], #007BFF, 11.6
[[-356.1859678881575, -24.389048384706097, -234.1760863713638], [-352.2329423631678, -12.943576967301095, -231.19273330858658]], #FF0000, 11.6
[[-670.2421559103649, 72.72268947913673, -58.13904904385994], [-667.3304124183065, 84.11288781569536, -55.13784882086668]], #007BFF, 11.7
[[-346.1893473134128, -26.312945388498438, -233.97077408609832], [-342.2363607932041, -14.867421289342413, -230.98743095118155]], #FF0000, 11.7
[[-679.8184563624209, 76.25574308768535, -59.60375795241808], [-676.9067638493007, 87.64599016897478, -56.60233585120817]], #007BFF, 11.8
[[-336.1940038173678, -28.319497005723107, -233.7625368354174], [-332.2410579101607, -16.873922178708504, -230.77921172833794]], #FF0000, 11.8
[[-689.3839370548714, 79.84901987828755, -61.09009272679228], [-686.4723149799685, 91.23931305732788, -58.08846483193574]], #007BFF, 11.9
[[-326.2005439259245, -30.404930784317287, -233.55205665611186], [-322.24764017436127, -18.95930671584066, -230.56875839609688]], #FF0000, 11.9
[[-698.9480175012369, 83.4990746601782, -62.59952776553602], [-696.036484400103, 94.88941098422873, -59.59771164864329]], #007BFF, 12.0
[[-316.20948457822834, -32.565325074566225, -233.34000754943128], [-312.2566241907563, -21.119652845253526, -230.35674546067446]], #FF0000, 12.0
[[-602.2103526467746, 49.981383822853886, -48.58618097177034], [-599.2986524443826, 61.37115725158378, -45.58693759050967]], #007BFF, 12.0
[[-416.1708534240333, -14.759839878910835, -235.32237533249693], [-412.1703156907393, -3.3147426971777065, -232.32303873532655]], #FF0000, 12.0
[[-612.076059321738, 53.5516704849732, -49.865829792571276], [-609.1643048360214, 63.80534255691357, -46.86628922651401]], #007BFF, 12.1
[[-406.1397294306115, -16.123812744308665, -235.145851946896], [-402.2282672536203, -4.678653102831537, -232.14665170352285]], #FF0000, 12.1
[[-621.8894156860465, 56.63783842343234, -51.176832095370294], [-618.9776118884452, 66.89166329720227, -48.177021842320976]], #007BFF, 12.2
[[-396.1489794326278, -17.587062000356873, -234.9636046273555], [-392.2375766358599, -6.141843031215678, -231.96453488614645]], #FF0000, 12.2
[[-631.651249538261, 59.80423454110387, -52.51844471382502], [-628.7394024311454, 70.05821427119197, -49.5183881530408]], #007BFF, 12.3
[[-386.15514236209907, -19.147591030061868, -234.7759100315967], [-382.24379616718744, -7.7023162873432405, -231.77696616861505]], #FF0000, 12.3
[[-641.3641610311506, 63.04722661179244, -53.889401357595666], [-638.4522787694111, 73.30136532678785, -50.88911881343919]], #007BFF, 12.4
[[-376.1592459427754, -20.80322043674499, -234.58306215595815], [-372.2479549281706, -9.35789234172292, -231.5842417736299]], #FF0000, 12.4
[[-651.0325523523856, 66.36343895323684, -55.28789580509596], [-648.1206459978481, 76.61774432795706, -52.287405005443816]], #007BFF, 12.5
[[-366.16225305066894, -22.551358660078687, -234.3854800218738], [-362.25101663875125, -11.105978174088062, -231.3867830387771]], #FF0000, 12.5
[[-660.6626427349199, 69.74984769814169, -56.71149553280205], [-657.7507269157602, 80.00433097000767, -53.71081192021349]], #007BFF, 12.6
[[-356.16504616975647, -24.38902915838583, -234.1836957670268], [-352.25386408156885, -12.94359619362136, -231.1851239129236]], #FF0000, 12.6
[[-670.2623935138324, 73.20384727306124, -58.15700951949428], [-667.350486209411, 83.45852299252375, -55.15614627682962]], #007BFF, 12.7
[[-346.16841819214744, -26.312926374066112, -233.97832445180345], [-342.2572899144694, -14.867440303774739, -230.97988058547642]], #FF0000, 12.7
[[-679.8408152074101, 76.72355837687071, -59.621792224172786], [-676.9289360364087, 86.97844465787726, -56.62076058519374]], #007BFF, 12.8
[[-336.1730687050505, -28.31947954023606, -233.77003058873305], [-332.26199302247795, -16.873939644195552, -230.77171797502228]], #FF0000, 12.8
[[-689.4070614796932, 80.30792397010046, -61.105296240706664], [-686.4952302801174, 90.56303990287515, -58.104106417369195]], #007BFF, 12.9
[[-326.1796047339735, -30.40491587353211, -233.55949670056108], [-322.2685793663122, -18.959321626625837, -230.56131835164766]], #FF0000, 12.9
[[-698.9699251099946, 83.95594637115339, -62.60882129429033], [-696.0581611581274, 94.21130769930762, -59.60748312111486]], #007BFF, 13.0
[[-316.188543698287, -32.565313364446006, -233.3473974311099], [-312.2775650706977, -21.119664555373745, -230.34935557899584]], #FF0000, 13.0
[[-602.2106254604313, 49.67580750650122, -48.563227093883256], [-599.2983796307259, 61.676733567936445, -45.609891468396754]], #007BFF, 13.0
[[-416.1710895996859, -14.995204360382536, -235.32735281553386], [-412.1712466311595, -2.9952386778608915, -232.32796175835608]], #FF0000, 13.0
[[-612.0759287523824, 52.67934032609371, -49.84235021608645], [-609.1637289122514, 64.68050181253204, -46.888959930353444]], #007BFF, 13.1
[[-406.18622920561245, -16.366678207456232, -235.12042185352365], [-402.1863737979703, -4.366710869889759, -232.1767705173779]], #FF0000, 13.1
[[-621.8872701316365, 55.77316241190021, -51.15127985112326], [-618.9751083124053, 67.77455453357769, -48.197805158848]], #007BFF, 13.2
[[-396.1985363904284, -17.84694232732997, -234.93360641605688], [-392.19866835985175, -5.846967897806537, -231.98997352596956]], #FF0000, 13.2
[[-631.6458634989094, 58.95201191855035, -52.48982626952341], [-628.7337320613506, 70.95362986983406, -49.53624722960054]], #007BFF, 13.3
[[-386.20934300560236, -19.43537747090017, -234.7393090698307], [-382.2094636697901, -7.435392131086294, -231.79569919719114]], #FF0000, 13.3
[[-641.3548842738044, 62.2103705501466, -53.857240824771296], [-638.442775172038, 74.21220958866047, -50.90354373468523]], #007BFF, 13.4
[[-376.21997303970267, -21.13093427104417, -234.5378095060801], [-372.22008527788165, -9.130935578608135, -231.59422815963362]], #FF0000, 13.4
[[-651.0192490650818, 65.54337002769525, -55.252079305010305], [-648.107152486124, 77.54542878916645, -52.29825410843916]], #007BFF, 13.5
[[-366.2317291453787, -22.932157065773264, -234.32941383756346], [-362.23183705574047, -10.932143766063287, -231.3858665935031]], #FF0000, 13.5
[[-660.6456267725813, 68.94672427387052, -56.672292918339174], [-657.7335303229521, 80.9490046198765, -53.718331335812415]], #007BFF, 13.6
[[-356.24587668944275, -24.8372120783042, -234.11446210515405], [-352.2459852299347, -12.837183791176908, -231.17095482901422]], #FF0000, 13.6
[[-670.2423397376772, 72.416535044016, -58.11550099422825], [-667.3302285909942, 84.41904225081609, -55.16139687049837]], #007BFF, 13.7
[[-346.26362690103264, -26.84392123486038, -233.89334534400044], [-342.2637414502123, -14.843878313626213, -230.94988368922188]], #FF0000, 13.7
[[-679.8186810832332, 75.9494953942603, -59.58017073055681], [-676.9065391284884, 87.95223786239983, -56.62592307306944]], #007BFF, 13.8
[[-336.28611973293664, -28.949793252489286, -233.66650971040943], [-332.2862456593373, -16.94973660845116, -230.7230987551284]], #FF0000, 13.8
[[-689.3842207384454, 79.54267369064631, -61.06647200196506], [-686.4720312963944, 91.54565924496912, -58.112085556762956]], #007BFF, 13.9
[[-326.3144083180467, -31.152057448375754, -233.4344674475554], [-322.31455058897444, -19.15198833383219, -230.49111140434837]], #FF0000, 13.9
[[-698.948377815585, 83.19262674844741, -62.57587842764022], [-696.0361240857549, 95.19585889595952, -59.62136098653909]], #007BFF, 14.0
[[-316.3494454651176, -33.44769418452692, -233.19779886673498], [-312.3496083310432, -21.447613951094386, -230.25450092073086]], #FF0000, 14.0
[[-602.2106254604313, 49.67580750650122, -48.563227093883256], [-599.2983796307259, 61.676733567936445, -45.609891468396754]], #007BFF, 14.0
[[-416.1710895996859, -14.995204360382536, -235.32735281553386], [-412.1712466311595, -2.9952386778608915, -232.32796175835608]], #FF0000, 14.0
[[-612.0764141398145, 53.02290069322861, -49.842962285741905], [-609.1639500179449, 64.33411234865817, -46.889156733343384]], #007BFF, 14.1
[[-406.1862406657973, -16.3666748593481, -235.14827363845754], [-402.18636233778545, -4.366714217997887, -232.148918732444]], #FF0000, 14.1
[[-621.8898491120934, 56.10913302377963, -51.1540563935963], [-618.9771784623982, 67.420368696855, -48.19979754409497]], #007BFF, 14.2
[[-396.1985567588999, -17.846929010727848, -234.96145028291346], [-392.19864799138026, -5.846981214408659, -231.96212965911297]], #FF0000, 14.2
[[-631.6517576605402, 59.27558824229793, -52.4957627858607], [-628.7388943088663, 70.58686056999791, -49.541070081005124]], #007BFF, 14.3
[[-386.2093704050676, -19.43534983689355, -234.7671438088066], [-382.2094362703249, -7.435419765092917, -231.76786445821526]], #FF0000, 14.3
[[-641.3647406967798, 62.51863637030331, -53.86681241390498], [-638.451699103782, 73.82995556827697, -50.911707757129875]], #007BFF, 14.4
[[-376.2200064418166, -21.130889339498488, -234.56563672320564], [-372.2200518757677, -9.130980510153815, -231.56640094250807]], #FF0000, 14.4
[[-651.0332022218291, 65.83490321651013, -55.2653968333706], [-648.1199961284045, 77.14628006468376, -52.30990397716917]], #007BFF, 14.5
[[-366.23176815749224, -22.93209259929162, -234.357234747416], [-362.23179804362695, -10.93220823254493, -231.35804568365057]], #FF0000, 14.5
[[-660.6633639985109, 69.22136598631961, -56.68908157820615], [-657.7500056521692, 80.53281268182975, -53.733225874809385]], #007BFF, 14.6
[[-356.2459213888788, -24.837126025620137, -234.1422781214477], [-352.2459405304987, -12.837269843860973, -231.14313881272057]], #FF0000, 14.6
[[-670.2631902499315, 72.67542017442693, -58.1346745106215], [-667.3496894733119, 83.98695009115806, -55.1784812857024]], #007BFF, 14.7
[[-346.26367761887644, -26.843811684162958, -233.921157283702], [-342.2636907323685, -14.843987864323637, -230.9220717495203]], #FF0000, 14.7
[[-679.8416940949064, 76.1951880073911, -59.59953105114806], [-676.9280571489123, 87.50681502735688, -56.64302175821847]], #007BFF, 14.8
[[-336.2861768506281, -28.94965845196886, -233.69431751516464], [-332.2861885416458, -16.94987140897159, -230.6952909503732]], #FF0000, 14.8
[[-689.4080310579376, 79.77961349271293, -61.083105524691724], [-686.494260701873, 91.09135038026268, -58.126297133384135]], #007BFF, 14.9
[[-326.3144733832178, -31.151895802554503, -233.4622700139101], [-322.31448552380334, -19.15214997965344, -230.46330883799365]], #FF0000, 14.9
[[-698.9709949765718, 83.42769850424759, -62.586698603750555], [-696.0570912915503, 94.73955556621343, -59.629605811654635]], #007BFF, 15.0
[[-316.34953233177, -33.44750420150039, -233.2255940559804], [-312.3495214643908, -21.447803934120913, -230.22670573148545]], #FF0000, 15.0
[[-698.9480175012369, 83.4990746601782, -62.59952776553602], [-696.036484400103, 94.88941098422873, -59.59771164864329]], #007BFF, 15.0
[[-316.20948457822834, -32.565325074566225, -233.34000754943128], [-312.2566241907563, -21.119652845253526, -230.35674546067446]], #FF0000, 15.0
[[-708.5192375443447, 87.20254318809566, -64.1340215646403], [-705.6075271863175, 98.59297068748515, -61.1313306396435]], #007BFF, 15.1
[[-306.22129258605514, -34.79664898716876, -233.07035482907256], [-302.26840778780104, -23.350930378398395, -230.2004890166685]], #FF0000, 15.1
[[-718.103704462855, 90.95778348580292, -65.6935522899577], [-715.191800371604, 102.3483179963299, -62.69001383097839]], #007BFF, 15.2
[[-296.236288796807, -37.09479199529581, -232.85713337947647], [-292.28338243225437, -25.649035881582286, -229.98711230545638]], #FF0000, 15.2
[[-727.7093355281042, 94.75458810708152, -67.2712871366439], [-724.797226060133, 106.14523766901796, -64.26691903634747]], #007BFF, 15.3
[[-286.25475707844186, -39.455610127478636, -232.6440780539061], [-282.301831230082, -28.009821654782428, -229.77392309062256]], #FF0000, 15.3
[[-737.3403269939747, 98.58104209083442, -68.8622296818636], [-734.4280203896249, 109.9718059965285, -65.8570447842306]], #007BFF, 15.4
[[-276.27691565809886, -41.87495466472308, -232.43165059214007], [-272.3239718498293, -30.429135530277392, -229.56137868096422]], #FF0000, 15.4
[[-746.9978197761357, 102.42397667860695, -70.46617553257268], [-744.0853456741106, 113.8148464973358, -67.46018641533887]], #007BFF, 15.5
[[-266.30292623762824, -44.34870386090542, -232.2202437831433], [-262.34996574292853, -32.902854226418896, -229.34986898229295]], #FF0000, 15.5
[[-756.6813544197036, 106.26916604904633, -72.08626236879643], [-753.7687519235977, 117.66012925063512, -69.07948598799537]], #007BFF, 15.6
[[-256.3329039539741, -46.87279603545013, -232.01017847593394], [-252.37992808239858, -35.42691578222689, -229.1397133509905]], #FF0000, 15.6
[[-766.3894553931175, 110.10182220936237, -73.7262197911425], [-763.4767665168258, 121.49286903851227, -70.71868361313146]], #007BFF, 15.7
[[-246.36692778541385, -49.44326270792214, -231.80170393325787], [-242.41393811623766, -37.99735195240836, -228.93116067036144]], #FF0000, 15.7
[[-776.1199893054501, 113.9071957608284, -75.38840113231744], [-773.2072663818898, 125.29831734376934, -72.3801338777025]], #007BFF, 15.8
[[-236.40505106738007, -52.05626105576536, -231.59500107019338], [-232.45204962302418, -40.610320326893216, -228.72439223887304]], #FF0000, 15.8
[[-785.8700271571608, 117.6708025626159, -77.07473130716521], [-782.9573261208282, 129.06199565349297, -74.06576523780548]], #007BFF, 15.9
[[-226.44731181958676, -54.70810510856979, -231.3901876565573], [-222.49430117227055, -43.26213543520549, -228.51952659681282]], #FF0000, 15.9
[[-795.6361891031444, 121.37863449253888, -78.78634051311934], [-792.7235698221485, 132.76990051089032, -75.77670918125742]], #007BFF, 16.0
[[-216.4937424796991, -57.395294140855746, -231.18731454548012], [-212.5407257869333, -45.949297112061, -228.31661540638757]], #FF0000, 16.0
[[-698.9699251099946, 83.95594637115339, -62.60882129429033], [-696.0581611581274, 94.21130769930762, -59.60748312111486]], #007BFF, 16.0
[[-316.188543698287, -32.565313364446006, -233.3473974311099], [-312.2775650706977, -21.119664555373745, -230.34935557899584]], #FF0000, 16.0
[[-708.5022928368229, 87.66715947012709, -64.13392976858333], [-705.6601006523221, 97.92265613236897, -61.13249712174472]], #007BFF, 16.1
[[-306.08618202771623, -34.7152621807652, -233.13451489541018], [-302.40351834613995, -23.432317184801956, -230.1363289503309]], #FF0000, 16.1
[[-718.0789881410866, 91.44311268368683, -65.68013428424042], [-715.2371163981235, 101.69875862590449, -62.67863284341923]], #007BFF, 16.2
[[-296.101205481398, -37.01340871192894, -232.9212841625218], [-292.4184657476634, -25.730419164949158, -229.92296152241104]], #FF0000, 16.2
[[-727.672647445233, 95.27647273295902, -67.23765999866], [-724.8310949244012, 105.53226617992179, -64.23615313538426]], #007BFF, 16.3
[[-286.1196980808149, -39.37423060065985, -232.70822421873646], [-282.43689022770894, -28.091201181601214, -229.7097769257922]], #FF0000, 16.3
[[-737.2860140578034, 99.15840618256537, -68.79943938862407], [-734.4447786961466, 109.41434221595976, -65.79798166843072]], #007BFF, 16.4
[[-276.1418773098405, -41.79357833336565, -232.4957927526068], [-272.4590101980877, -30.510511861634818, -229.4972365204975]], #FF0000, 16.4
[[-746.9183354965403, 103.07982749645099, -70.3669999861914], [-744.0774117084729, 113.3359011672646, -67.36561906768362]], #007BFF, 16.5
[[-266.1679045320494, -44.26733000942729, -232.28438000040447], [-262.48498744850735, -32.98422807789702, -229.28573276503178]], #FF0000, 16.5
[[-756.5677886679171, 107.03113362030463, -71.94316423967665], [-753.7271685295573, 117.28734072837811, -68.941878440456]], #007BFF, 16.6
[[-256.19789491436825, -46.79142411804868, -232.07430566188694], [-252.51493712200445, -35.50828769962834, -229.0755861650375]], #FF0000, 16.6
[[-766.2315667593574, 111.00244014413852, -73.53190150201668], [-763.3912389343242, 121.25877910138325, -70.5307235572396]], #007BFF, 16.7
[[-246.23192775697763, -49.36189239504283, -231.86581904645263], [-242.54893814467388, -38.07872226528767, -228.86704555716668]], #FF0000, 16.7
[[-775.9065219392148, 114.98380196152794, -75.13593202025945], [-773.0664737752036, 125.24027315632014, -72.13486841647767]], #007BFF, 16.8
[[-236.27005693930354, -51.97489218950434, -231.6591020354372], [-232.5870437511007, -40.69168919315424, -228.6602912736292]], #FF0000, 16.8
[[-785.5888448011686, 118.965269906307, -76.75835132519673], [-782.7490610098943, 129.22187657418343, -73.75740505408005]], #007BFF, 16.9
[[-226.31232117716073, -54.626737665122626, -231.45427395462738], [-222.6292918146966, -43.34350287865265, -228.45544029874273]], #FF0000, 16.9
[[-795.2743967713709, 122.93713372268013, -78.40210275927423], [-792.4348595350593, 133.19388187399693, -75.4012741471996]], #007BFF, 17.0
[[-216.3587536797247, -57.31392821543397, -231.25138745607043], [-212.6757145869077, -46.030663037482775, -228.25254249579726]], #FF0000, 17.0
[[-698.948377815585, 83.19262674844741, -62.57587842764022], [-696.0361240857549, 95.19585889595952, -59.62136098653909]], #007BFF, 17.0
[[-316.3494454651176, -33.44769418452692, -233.19779886673498], [-312.3496083310432, -21.44761395109439, -230.25450092073086]], #FF0000, 17.0
[[-708.5195234008181, 86.89600679740781, -64.11024104493146], [-705.6072413298441, 98.899507078173, -61.15511115935234]], #007BFF, 17.1
[[-306.39213201022693, -35.83349440948396, -232.95720813325485], [-302.39220291233784, -23.83333806816614, -230.01384071400022]], #FF0000, 17.1
[[-718.1039109334583, 90.65116711723104, -65.66965884791111], [-715.1915939010007, 102.65493436490178, -62.71390727302498]], #007BFF, 17.2
[[-296.4431398810894, -38.305977866170075, -232.71329786678223], [-292.4431184394851, -26.30575508292832, -229.76988011971315]], #FF0000, 17.2
[[-727.7094651385219, 94.44789800453779, -67.24728617960554], [-724.7970964497154, 106.45192777156169, -64.29091999338584]], #007BFF, 17.3
[[-286.50307632495395, -40.86153252494214, -232.46678767014308], [-282.5029614629661, -28.861251530944394, -229.52333289209744]], #FF0000, 17.3
[[-737.3403949199495, 98.2742802000957, -68.83811894257136], [-734.4279524636501, 110.27856788726722, -65.88115552352284]], #007BFF, 17.4
[[-276.57242651452674, -43.49640342485135, -232.2184260682004], [-272.5722171115486, -31.496070510284312, -229.27494312610415]], #FF0000, 17.4
[[-746.9978309702062, 102.11714076552018, -70.44196005019761], [-744.08533448004, 114.12168241042257, -67.48440189771394]], #007BFF, 17.5
[[-266.65155755197827, -46.206717482608305, -231.96897156648606], [-262.6512528503739, -34.20633541409047, -229.02546622779903]], #FF0000, 17.5
[[-756.6813136286016, 105.96225112835481, -72.06194793490548], [-753.7687927146997, 117.96704417132665, -69.10380042188632]], #007BFF, 17.6
[[-256.74072564581525, -48.988507818859375, -231.71917214257002], [-252.74032570560277, -36.9880758315968, -228.7756485822003]], #FF0000, 17.6
[[-766.3893677421696, 109.7948235847419, -73.70181035091434], [-763.4768541677737, 121.79986766313273, -70.74309305335962]], #007BFF, 17.7
[[-246.84008612996934, -51.837739976164166, -231.46974471543714], [-242.83959225578263, -39.83725484009313, -228.52620695833977]], #FF0000, 17.7
[[-776.1198602723568, 113.60010841897136, -75.36390124253425], [-773.207395414983, 125.60540468562638, -72.40463376748569]], #007BFF, 17.8
[[-236.94970569293548, -54.75034065093759, -231.22135621722697], [-232.94912070955502, -42.74979791811775, -228.2778092568737]], #FF0000, 17.8
[[-785.8698630488559, 117.3636233908528, -77.05014499695723], [-782.9574902291331, 129.3691748252561, -74.09035154801346]], #007BFF, 17.9
[[-227.0695760503737, -57.72222869440619, -230.97460772699986], [-223.06890437025856, -45.721623663140726, -228.03105818588045]], #FF0000, 17.9
[[-795.6360390563785, 121.0713621205727, -78.76167178040028], [-792.7237198689144, 133.0771728828565, -75.80137791397648]], #007BFF, 18.0
[[-217.19962829619558, -60.74934775916722, -230.73002266026126], [-213.19887578947342, -48.74867606036672, -227.7864789783749]], #FF0000, 18.0
[[-698.9709949765718, 83.42769850424759, -62.586698603750555], [-696.0570912915503, 94.73955556621343, -59.629605811654635]], #007BFF, 18.0
[[-316.34953233177, -33.44750420150039, -233.2255940559804], [-312.3495214643908, -21.447803934120913, -230.22670573148545]], #FF0000, 18.0
[[-708.5381484038089, 87.13902077912567, -64.11159006378483], [-705.624245085336, 98.45079482337039, -61.15483682654322]], #007BFF, 18.1
[[-306.39220233055306, -35.83329848761551, -232.98498460949222], [-302.3921325920117, -23.83353399003459, -229.98606423776286]], #FF0000, 18.1
[[-718.115011372663, 90.91509769980405, -65.65759060168057], [-715.201093166547, 102.22677360978727, -62.70117652597909]], #007BFF, 18.2
[[-296.44318996640135, -38.30578521043388, -232.74105675820513], [-292.44306835417314, -26.305947738664518, -229.74212122829024]], #FF0000, 18.2
[[-727.7088483388218, 94.74857892031463, -67.21495323968851], [-724.7948940308124, 106.06015999256618, -64.25885989435575]], #007BFF, 18.3
[[-286.50310294431097, -40.861348833948206, -232.49452802520514], [-282.50293484360907, -28.86143522193833, -229.49559253703538]], #FF0000, 18.3
[[-737.3223992208956, 98.63062876294688, -68.77660710468466], [-734.4083935330544, 109.94211963557825, -65.82081395237013]], #007BFF, 18.4
[[-276.5724274670424, -43.496231097030716, -232.24614552384492], [-272.5722161590329, -31.496242838104948, -229.24722367045962]], #FF0000, 18.4
[[-746.9549062198936, 102.55216170103739, -70.34406655636018], [-744.0408409851196, 113.86356696267819, -67.38855249751485]], #007BFF, 18.5
[[-266.6515319619238, -46.20655612457824, -231.99666712786663], [-262.65127844042837, -34.20649677212053, -228.99777066641846]], #FF0000, 18.5
[[-756.6045441576715, 106.50357515085213, -71.92014899721796], [-753.6904130398028, 117.81489919783061, -68.96489368291468]], #007BFF, 18.6
[[-256.74067411329554, -48.98835510812105, -231.74684086399586], [-252.74037723812248, -36.98822854233513, -228.74797986077445]], #FF0000, 18.6
[[-766.2685036284201, 110.47498659376129, -73.50881884487622], [-763.3543020652614, 121.78623265176049, -70.55380621438006]], #007BFF, 18.7
[[-246.8400107153475, -51.83759260394578, -231.49738423844002], [-242.83966767040448, -39.83740221231152, -228.4985674353369]], #FF0000, 18.7
[[-775.9436362367562, 114.45645236224989, -75.11279332273405], [-773.0293594776622, 125.7676227555982, -72.15800711400307]], #007BFF, 18.8
[[-236.94960972217888, -54.75019512609744, -231.24896514858585], [-232.94921668031162, -42.7499434429579, -228.2502003255148]], #FF0000, 18.8
[[-785.6261311781825, 118.43802561990572, -76.73516500596008], [-782.7117746328804, 129.7491208605847, -73.7805913733167]], #007BFF, 18.9
[[-227.06946377549784, -57.722081913293124, -231.00218584109055], [-223.06901664513444, -45.72177044425379, -228.00348007178977]], #FF0000, 18.9
[[-795.3118488119823, 122.4099986380754, -78.37887522798077], [-792.397407494448, 133.72101695860167, -75.42450167849306]], #007BFF, 19.0
[[-217.19950447474534, -60.749197332104075, -230.75757092378086], [-213.19899961092366, -48.74882648742987, -227.7589307148553]], #FF0000, 19.0
[[-795.6361891031444, 121.37863449253888, -78.78634051311934], [-792.7235698221485, 132.76990051089032, -75.77670918125742]], #007BFF, 19.0
[[-216.4937424796991, -57.395294140855746, -231.18731454548012], [-212.5407257869333, -45.949297112061, -228.31661540638757]], #FF0000, 19.0
[[-805.4149918200851, 125.97481969955162, -80.47385080046477], [-802.502167215536, 135.4512643352611, -77.56327778365248]], #007BFF, 19.1
[[-206.54437910076294, -60.11455506991833, -230.98651012094413], [-202.59136212564758, -48.66850357604482, -228.11552906850662]], #FF0000, 19.1
[[-815.2025858039191, 129.53203371856205, -82.23673833341894], [-812.2895670908823, 139.00846422008897, -79.32609226046435]], #007BFF, 19.2
[[-196.59927638902732, -62.86282213645711, -230.78758121569658], [-192.6462641195968, -51.416719405194755, -227.9163555382494]], #FF0000, 19.2
[[-824.9955695465253, 132.99617225095847, -84.02504720338553], [-822.0823693854568, 142.47256583603416, -81.11440554945864]], #007BFF, 19.3
[[-186.65851076633658, -65.6373064408111, -230.59044240171275], [-182.70550683010657, -54.19115591606527, -227.7190122022828]], #FF0000, 19.3
[[-834.7911817477182, 136.35677566399892, -85.8377835574045], [-831.8778134185704, 145.8331096764303, -82.92719853468175]], #007BFF, 19.4
[[-176.72243792149447, -68.43545381808198, -230.39502241680825], [-172.76944781671102, -56.98925934614211, -227.5234156843999]], #FF0000, 19.4
[[-844.5875989244086, 139.60448844757562, -87.6731035836275], [-841.674078681681, 149.0807418516347, -84.76261072849769]], #007BFF, 19.5
[[-166.7921601110938, -71.25475490796225, -230.20057444902542], [-162.8391894236108, -59.80852045869298, -227.32881350135133]], #FF0000, 19.5
[[-854.3841895463091, 142.7310913189466, -89.52817594595197], [-851.4705371644271, 152.20724551636357, -86.6177996726505]], #007BFF, 19.6
[[-156.86913816900196, -74.09275702328004, -230.00554871290862], [-152.91618858594117, -62.64648532802172, -227.1336492584111]], #FF0000, 19.6
[[-864.181717771328, 145.7295063753875, -91.39914731618732], [-861.2679556389409, 155.20554528447232, -88.48890421371947]], #007BFF, 19.7
[[-146.95473810222086, -76.94734403655605, -229.80840459995503], [-143.00180862440772, -65.5010367841812, -226.93637901793434]], #FF0000, 19.7
[[-873.9824794541538, 148.59380679107056, -93.28128085358979], [-871.0686314234514, 158.06971663996762, -90.37112331317475]], #007BFF, 19.8
[[-137.0503597691184, -79.81676921230778, -229.60792698667134], [-133.0974471486273, -68.37042735704776, -226.7357871142489]], #FF0000, 19.8
[[-883.7903779696725, 151.31924524274442, -95.16906865914284], [-880.8764684644769, 160.79501437390044, -92.25900344930189]], #007BFF, 19.9
[[-127.15747363545444, -82.69968772814369, -229.4033128482606], [-123.2045718561755, -71.25331183505858, -226.53107206534145]], #FF0000, 19.9
[[-893.6109737043241, 153.90234575120675, -97.05643074636677], [-890.6970271311693, 163.37796453700147, -94.146468203473]], #007BFF, 20.0
[[-117.27763206210227, -85.59517794687557, -229.1942465833291], [-113.3247281004493, -74.1487685072342, -226.3219207354633]], #FF0000, 20.0
[[-795.2743967713709, 122.93713372268013, -78.40210275927423], [-792.4348595350593, 133.19388187399693, -75.4012741471996]], #007BFF, 20.0
[[-216.3587536797247, -57.31392821543397, -231.25138745607043], [-212.6757145869077, -46.030663037482775, -228.25254249579726]], #FF0000, 20.0
[[-804.9584257871917, 126.89156077093206, -80.07014818112162], [-802.1187239132095, 137.1485366920269, -77.06943120892382]], #007BFF, 20.1
[[-206.40530303648163, -60.033140215829015, -231.05039338949288], [-202.7304381899289, -48.74991843013414, -228.05164579995787]], #FF0000, 20.1
[[-814.6344042909361, 130.82468396703518, -81.76555085384858], [-811.7945267246466, 141.08191075547347, -78.76502644714286]], #007BFF, 20.2
[[-196.4602211410944, -62.781360386819316, -230.85129854981358], [-192.78531936752972, -51.49818115483255, -227.8526382041324]], #FF0000, 20.2
[[-824.298591460242, 134.72759722168178, -83.4910012599124], [-821.4585316314956, 144.98509158980517, -80.49072168021587]], #007BFF, 20.3
[[-186.51947924401452, -65.5557997632188, -230.6540126967354], [-182.84453835242863, -54.27266259365757, -227.65544190726015]], #FF0000, 20.3
[[-833.9479571883267, 138.59208071513743, -85.24840412349977], [-831.1077105578006, 148.84985855249514, -82.24840455571788]], #007BFF, 20.4
[[-176.58343259004636, -68.3539032675755, -230.4584559156835], [-172.90845314815914, -57.0708098966486, -227.45998218552467]], #FF0000, 20.4
[[-843.5804007631965, 142.41097106701713, -87.03829688255121], [-840.739964747681, 152.66904925728565, -84.03860275134497]], #007BFF, 20.5
[[-166.65318158126465, -71.17315978493475, -230.26387180557572], [-162.97816795343996, -59.89011558172048, -227.26551614480104]], #FF0000, 20.5
[[-853.1950416450144, 146.17801561945015, -88.85988869627154], [-850.3544163635444, 156.43641270057412, -85.86051968762412]], #007BFF, 20.6
[[-156.73018309941108, -74.0111150219081, -230.06870526185168], [-153.05514365553205, -62.72812732939365, -227.07049270946806]], #FF0000, 20.6
[[-862.7924153128027, 149.88778326292524, -90.71132611526123], [-859.9516043573973, 160.1465194660412, -87.71229840719626]], #007BFF, 20.7
[[-146.81580014632434, -76.8656516639824, -229.87141865733895], [-143.14074658030424, -65.58272915675484, -226.87336496055042]], #FF0000, 20.7
[[-872.3746285889424, 153.53561708875387, -92.58991044009808], [-869.5336396967766, 163.79471396774593, -89.59123790227103]], #007BFF, 20.8
[[-136.91143019705973, -79.73502236710931, -229.67080296312517], [-133.23637672068597, -68.45217420224623, -226.67291113779507]], #FF0000, 20.8
[[-881.9454758720527, 157.11762565291286, -94.49226008283463], [-879.1043214010214, 167.37710568243392, -91.49395480468479]], #007BFF, 20.9
[[-127.01854152228236, -82.61788228365856, -229.46606228024328], [-123.34350396934758, -71.33511727954371, -226.46832263335878]], #FF0000, 20.9
[[-891.5105319268737, 160.63073881616035, -96.41433925175212], [-888.6692292247717, 170.89062518003269, -93.41641241673344]], #007BFF, 21.0
[[-117.13868259221215, -85.51331026064632, -229.25688761519058], [-113.46367757033943, -74.23063619346344, -226.2592797036018]], #FF0000, 21.0
[[-795.6360390563785, 121.0713621205727, -78.76167178040028], [-792.7237198689144, 133.0771728828565, -75.80137791397648]], #007BFF, 21.0
[[-217.19962829619558, -60.74934775916722, -230.73002266026126], [-213.19887578947342, -48.74867606036672, -227.7864789783749]], #FF0000, 21.0
[[-805.2669420529679, 124.71001915325017, -80.49937821033241], [-802.6502169826532, 136.71606488156257, -77.53775037378485]], #007BFF, 21.1
[[-207.33972188077237, -63.595610244108094, -230.48804406480298], [-203.33894872767283, -52.05904451708941, -227.54449433886612]], #FF0000, 21.1
[[-815.0541897078168, 128.26712914843532, -82.26284028810753], [-812.4379631869846, 140.2733687902157, -79.29999030577576]], #007BFF, 21.2
[[-197.48974354190676, -66.72126702930355, -230.24897916413494], [-193.4889532986124, -55.18465418066095, -227.3054446008867]], #FF0000, 21.2
[[-824.846802728307, 131.73117127809934, -84.05171050783143], [-822.2311362036751, 143.7375668088933, -81.08774224501273]], #007BFF, 21.3
[[-187.6495319930647, -69.89045042860528, -230.01306886577186], [-183.648729068125, -58.35379806672822, -227.06956513090046]], #FF0000, 21.3
[[-834.6420120768502, 135.09168563138698, -85.86498525289227], [-832.0269830894384, 147.09819970904223, -82.89999683919399]], #007BFF, 21.4
[[-177.81891763491805, -73.09953113666214, -229.7804812904619], [-173.81810685707896, -61.56284638316256, -226.8370189383904]], #FF0000, 21.4
[[-844.4379897985325, 138.33931522260065, -87.70081491557711], [-841.823687807557, 150.34591507660969, -84.73489939654807]], #007BFF, 21.5
[[-167.99773354372365, -76.34506611555048, -229.55130703143303], [-163.99691931067548, -64.80835421392192, -226.60789245641686]], #FF0000, 21.5
[[-854.2341027414936, 141.4658391702933, -89.55636568474515], [-851.6206239692426, 153.47249766501687, -86.58960993385733]], #007BFF, 21.6
[[-158.18640988762502, -79.62377368319777, -229.32530681516084], [-154.18560021404915, -68.08703807753498, -226.38194338822376]], #FF0000, 21.6
[[-864.0311157744712, 144.46417884678527, -91.42778387023247], [-861.4185576357976, 156.47087281307455, -88.46026765967432]], #007BFF, 21.7
[[-148.38602610212473, -82.93223769512373, -229.10140168910922], [-144.385230877926, -71.39548109598466, -226.15808989775346]], #FF0000, 21.7
[[-873.8313278555901, 147.3284076461246, -93.31030418799166], [-871.2197830220151, 159.3351157849136, -90.34209997877288]], #007BFF, 21.8
[[-138.59772961928695, -86.26709196366504, -228.87812188854264], [-134.59695642684443, -74.73031576457869, -225.93486011629096]], #FF0000, 21.8
[[-883.6386482139465, 150.05377907174986, -95.1984496861085], [-881.028198220203, 162.060480544895, -92.22962242233622]], #007BFF, 21.9
[[-128.82265088167185, -89.62519942710045, -228.654239123614], [-124.82190434034628, -78.08840428810899, -225.71102560569807]], #FF0000, 21.9
[[-893.4586462930191, 152.6368186918389, -97.08614547999741], [-890.8493545424743, 164.64349159636933, -94.11675346984237]], #007BFF, 22.0
[[-119.06199336182998, -93.00371119552344, -228.42886972534112], [-115.06123377914587, -81.46689729482168, -225.4857038326185]], #FF0000, 22.0
[[-795.3118488119823, 122.4099986380754, -78.37887522798077], [-792.397407494448, 133.72101695860167, -75.42450167849306]], #007BFF, 22.0
[[-217.19950447474534, -60.749197332104075, -230.75757092378086], [-213.19899961092366, -48.74882648742987, -227.7589307148553]], #FF0000, 22.0
[[-804.9959263841021, 126.41228945825466, -80.04749398613876], [-802.0812233162991, 137.6278080047043, -77.09208540390668]], #007BFF, 22.1
[[-207.33961574801754, -63.827541711331534, -230.5031474192262], [-203.33905486042767, -51.82711304986597, -227.5293909844429]], #FF0000, 22.1
[[-814.6719539274362, 130.34549434361335, -81.74346179217862], [-811.7569770881465, 141.5611003788953, -78.78711550881282]], #007BFF, 22.2
[[-197.4896556287376, -66.95320049205736, -230.2640711595336], [-193.48904121178154, -54.95272071790714, -227.29035260548804]], #FF0000, 22.2
[[-824.3361900150179, 134.24851727931485, -83.46946224553116], [-821.4209330767197, 145.4641715321721, -80.5122606945971]], #007BFF, 22.3
[[-187.64946382888343, -70.12238743544592, -230.02816407240897], [-183.64879723230626, -58.12186105988758, -227.05446992426334]], #FF0000, 22.3
[[-833.9856040105261, 138.11314027398106, -85.22739809781055], [-831.0700637356011, 149.3287989936515, -82.2694105814071]], #007BFF, 22.4
[[-177.81887161302515, -73.33147381647531, -229.79558808571397], [-173.81815287897186, -61.3309037033494, -226.82191214313832]], #FF0000, 22.4
[[-843.6180946224808, 141.9322008025618, -87.01780689762676], [-840.7022708883967, 153.14781952174098, -84.05909273626942]], #007BFF, 22.5
[[-167.9977124503203, -76.57701617639772, -229.56642863404], [-163.99694040407883, -64.57640415307468, -226.5927708538099]], #FF0000, 22.5
[[-853.2327807374827, 145.69944687239692, -88.83989837719129], [-850.3166772710761, 156.91498144762735, -85.88051000670437]], #007BFF, 22.6
[[-158.1864199837833, -79.8557322983298, -229.34044133608583], [-154.18559011789085, -67.85507946240295, -226.36680886729877]], #FF0000, 22.6
[[-862.8301973263501, 149.40944782557798, -90.69181967726905], [-859.9138223438499, 160.62485490338847, -87.73180484518844]], #007BFF, 22.7
[[-148.3860760142903, -83.16420673147216, -229.1165423852853], [-144.38518096576044, -71.16351205963623, -226.14294920157738]], #FF0000, 22.7
[[-872.4124508042548, 153.05754688473561, -92.57087260528647], [-869.4958174814642, 164.2727841717642, -89.61027573708265]], #007BFF, 22.8
[[-138.59782716678572, -86.49907258876395, -228.89326004814194], [-134.59685887934566, -74.49833513947978, -225.91972195669166]], #FF0000, 22.8
[[-881.9833352906635, 156.6398523867718, -94.47367593702191], [-879.0664619824106, 167.854878948575, -91.51253895049751]], #007BFF, 22.9
[[-128.8228025085629, -89.85719227140332, -228.66936721462105], [-124.82175271345525, -77.85641144380612, -225.695897514691]], #FF0000, 22.9
[[-891.548425420797, 160.15329364307618, -96.3961941062874], [-888.6313357308484, 171.36807035311685, -93.43455756219817]], #007BFF, 23.0
[[-119.06218320871865, -93.23571629697838, -228.44398348765742], [-115.06104393225719, -81.23489219336673, -225.4705900703022]], #FF0000, 23.0
[[-893.6109737043241, 153.90234575120675, -97.05643074636677], [-890.6970271311693, 163.37796453700147, -94.146468203473]], #007BFF, 23.0
[[-117.27763206210227, -85.59517794687557, -229.1942465833291], [-113.3247281004493, -74.1487685072342, -226.3219207354633]], #FF0000, 23.0
[[-903.4517758943012, 156.78804236206093, -98.93615075776093], [-900.5380116876935, 165.36735518449956, -96.02560912438373]], #007BFF, 23.1
[[-107.38068117306088, -88.2539042538532, -228.98070377693713], [-103.49155360132895, -77.30598469990355, -226.1087110219655]], #FF0000, 23.1
[[-913.3228192207682, 159.07491828788133, -100.7988640535576], [-910.4092463768327, 167.6546309085189, -97.88766094644274]], #007BFF, 23.2
[[-97.53352968161357, -91.17928090531812, -228.7633847308678], [-93.64445784464982, -80.2313885217847, -225.89166957092903]], #FF0000, 23.2
[[-923.2329340423365, 161.2124899136234, -102.6399789417908], [-920.3195587802171, 169.79256611260186, -99.72808529164006]], #007BFF, 23.3
[[-87.70590095569158, -94.12204100399441, -228.54348369343055], [-83.81687783957265, -83.17416580679406, -225.6720115753818]], #FF0000, 23.3
[[-933.1912507014976, 163.2014241945026, -104.45725354260496], [-930.2780654094903, 171.78183726946904, -101.54467081383378]], #007BFF, 23.4
[[-77.89915336690466, -97.0818567125811, -228.32248238680845], [-74.01017110993185, -86.13399084209752, -225.4512306204198]], #FF0000, 23.4
[[-943.2065990115271, 165.04108314395938, -106.24974974262574], [-940.2935797242002, 173.62181754577352, -103.33649669021761]], #007BFF, 23.5
[[-68.11453187937401, -100.0585552308555, -228.10204522551652], [-64.22558244089778, -89.11069126024593, -225.2309948066753]], #FF0000, 23.5
[[-953.2867503575835, 166.73112148414575, -108.01518066014829], [-950.373855565176, 175.31215410122266, -105.10123527269074]], #007BFF, 23.6
[[-58.35312542320051, -103.05206148214677, -227.88389532060611], [-54.46420097169852, -92.1041923337439, -225.01302641533843]], #FF0000, 23.6
[[-963.4374525477422, 168.27972012847886, -109.73752351034484], [-960.5246255668701, 176.8609797893758, -106.82272827925807]], #007BFF, 23.7
[[-48.61580966090757, -106.06228016315448, -227.6696647694986], [-44.726902978018614, -95.11439881819341, -224.79895533708597]], #FF0000, 23.7
[[-973.6586085482279, 169.692830285943, -111.40481425694662], [-970.7457886887614, 178.27426152572775, -108.48902610026661]], #007BFF, 23.8
[[-38.903206964424356, -109.08899576052394, -227.46076057092378], [-35.01431168927898, -98.14109523975458, -224.59018726054884]], #FF0000, 23.8
[[-983.9469785824807, 170.97217437875767, -113.0117509680219], [-981.0341055817843, 179.55376332581326, -110.09488109158742]], #007BFF, 23.9
[[-29.215667002290896, -112.13179253144622, -227.25828344382273], [-25.326777715626523, -101.18386589370715, -224.38782336564856]], #FF0000, 23.9
[[-994.2976561507144, 172.11551572861316, -114.56028136595296], [-991.3846751041112, 180.69729427257698, -111.64231501942564]], #007BFF, 24.0
[[-19.553270277434763, -115.19000771042118, -227.06300946859122], [-15.664382431223636, -104.2420480720699, -224.19264182597172]], #FF0000, 24.0
[[-891.5105319268737, 160.63073881616035, -96.41433925175212], [-888.6692292247717, 170.89062518003269, -93.41641241673344]], #007BFF, 24.0
[[-117.13868259221215, -85.51331026064632, -229.25688761519058], [-113.46367757033943, -74.23063619346344, -226.2592797036018]], #FF0000, 24.0
[[-901.0768607775777, 164.07268826760804, -98.35185636390318], [-898.2360223152958, 174.33331657720083, -95.35325498186168]], #007BFF, 24.1
[[-107.2735176669704, -88.33593748014833, -229.0435047822133], [-103.59847892537837, -77.22313007628172, -226.04601083928162]], #FF0000, 24.1
[[-910.6535518482169, 167.4423883928643, -100.2994965993799], [-907.8131822976645, 177.7037628371973, -97.30018409977798]], #007BFF, 24.2
[[-97.42468841530744, -91.25560604560327, -228.8266228993134], [-93.74962600073623, -80.14266848932697, -225.8292774625436]], #FF0000, 24.2
[[-920.250313305242, 170.73896099034414, -102.25389128394613], [-917.4104163229516, 181.00107096626652, -99.25383972453812]], #007BFF, 24.3
[[-87.59390855701935, -94.187718238849, -228.6074396407304], [-83.91883171492651, -83.0746441063754, -225.61023955387012]], #FF0000, 24.3
[[-929.8773639690223, 173.96120083558048, -104.21336399414855], [-927.0379422697658, 184.2240267417797, -101.2125553818878]], #007BFF, 24.4
[[-77.78290016609823, -97.13312772064903, -228.3874730820968], [-74.10781793711017, -86.01990685059154, -225.39041517909806]], #FF0000, 24.4
[[-939.544933486565, 177.10704163555744, -106.17712773919995], [-936.7059887294079, 187.37056922484845, -103.17555410278275]], #007BFF, 24.5
[[-67.99337197327702, -100.09316941669303, -228.16843329327966], [-64.31829373235786, -88.97979108714549, -225.17151438136247]], #FF0000, 24.5
[[-949.2626414006668, 180.17339645169145, -108.14408402597459], [-946.4241733982299, 190.43762212427728, -105.14174452965602]], #007BFF, 24.6
[[-58.22700253567899, -103.06968988051648, -227.95206777350296], [-54.55193799416871, -91.95614538704922, -224.95528746839244]], #FF0000, 24.6
[[-959.0392011898033, 183.15806340996784, -110.1072347132441], [-956.2012091681069, 193.4229618222036, -107.10404240886491]], #007BFF, 24.7
[[-48.485425601787924, -106.06504651398811, -227.7399891238548], [-44.8103845212584, -94.95133047537561, -224.74334961881573]], #FF0000, 24.7
[[-968.8798446246341, 186.06236982706926, -112.04724585655671], [-966.0423115750342, 196.32790235052224, -109.04307641232174]], #007BFF, 24.8
[[-38.77021756426896, -109.08205853154831, -227.53351658245705], [-35.09520932866249, -97.96816899673311, -224.53702080169714]], #FF0000, 24.8
[[-978.7847821309017, 188.8826267432095, -113.95510427053058], [-975.9476821922831, 199.14877392069238, -110.94988265915599]], #007BFF, 24.9
[[-29.08288894124884, -112.1239167078469, -227.33357063853077], [-25.4079221317238, -101.00985449080518, -224.33722025169794]], #FF0000, 24.9
[[-988.7520979457923, 191.61171071111966, -115.82840514684831], [-985.9154014991822, 201.87846494124358, -112.8220977702316]], #007BFF, 25.0
[[-19.42488035410736, -115.19407183215446, -227.14064083742932], [-15.749962430479542, -104.07983953410857, -224.1444350047472]], #FF0000, 25.0
[[-893.4586462930191, 152.6368186918389, -97.08614547999741], [-890.8493545424743, 164.64349159636933, -94.11675346984237]], #007BFF, 25.0
[[-119.06199336182998, -93.00371119552344, -228.42886972534112], [-115.06123377914587, -81.46689729482168, -225.4857038326185]], #FF0000, 25.0
[[-903.300320427576, 155.47106896135364, -98.96655442888137], [-900.6894671544187, 166.68432858520686, -95.9952054532633]], #007BFF, 25.1
[[-109.20022146516055, -96.40052360388066, -228.20166058093224], [-105.43328342228378, -84.8637006494863, -225.2582782018967]], #FF0000, 25.1
[[-913.1722310668268, 157.75800270328108, -100.8296643289534], [-910.5598345307741, 168.97154649311915, -97.85686067104693]], #007BFF, 25.2
[[-99.47413749118347, -99.81845515700823, -227.97230893031985], [-95.70737046123374, -88.28161658881658, -225.0287377062799]], #FF0000, 25.2
[[-923.0831962589134, 159.89557478680973, -102.67097556256385], [-920.4692965636402, 171.10948123941552, -99.697088670867]], #007BFF, 25.3
[[-89.76810729948603, -103.25522844831622, -227.74166278209924], [-86.00151354531538, -91.71837125606669, -224.79794584124295]], #FF0000, 25.3
[[-933.0423218275673, 161.88446420319804, -104.4883103966897], [-930.4269942834205, 173.0987972607736, -101.51361395974904]], #007BFF, 25.4
[[-80.08311745350403, -106.70837115403367, -227.51111587787872], [-76.31669976838666, -95.1714926373497, -224.56728250892874]], #FF0000, 25.4
[[-943.0584079308479, 163.7240438848182, -106.2807790049653], [-940.4417708048794, 174.9388568049147, -103.30546742787806]], #007BFF, 25.5
[[-70.42011665984094, -110.17574388676265, -227.28241785472548], [-66.65387634925258, -98.63884092588002, -224.33849722280686]], #FF0000, 25.5
[[-953.1391947010255, 165.41396486804052, -108.04610514139068], [-950.521411221734, 176.62931071732788, -105.07031079144835]], #007BFF, 25.6
[[-60.77991517638963, -113.65534849056287, -227.05753532934682], [-57.01385083395002, -102.11841749812253, -224.113553482824]], #FF0000, 25.6
[[-963.2904242250416, 166.96236547983463, -109.76816068870302], [-960.6716538895706, 178.17833443802002, -106.7920911008999]], #007BFF, 25.7
[[-51.16309172712645, -117.14516821149527, -226.8384588679398], [-47.397198287847196, -105.60820520833406, -223.89443971536824]], #FF0000, 25.7
[[-973.5120483542037, 168.3751999798972, -111.43497160774149], [-970.8923488827857, 179.59189183177355, -108.45886874947175]], #007BFF, 25.8
[[-41.5699380454377, -120.64308808977079, -226.62699098100214], [-37.8042063885319, -109.10608878867153, -223.682955022678]], #FF0000, 25.8
[[-983.8007436553321, 169.6542120420723, -113.04123586376281], [-981.1803405089329, 180.87172566249865, -110.06539619584652]], #007BFF, 25.9
[[-32.000440653021045, -124.14686566479371, -226.4245801707558], [-28.234857831498367, -112.60982567255265, -223.48054405620707]], #FF0000, 25.9
[[-994.1516147000585, 170.7971945159269, -114.58893368488923], [-991.5307165547671, 182.01561548526325, -111.61366270048937]], #007BFF, 26.0
[[-22.454299546945933, -127.65413929435888, -226.23221944078256], [-18.688849468323397, -116.1170543581078, -223.288195933932]], #FF0000, 26.0
[[-891.548425420797, 160.15329364307618, -96.3961941062874], [-888.6313357308484, 171.36807035311685, -93.43455756219817]], #007BFF, 26.0
[[-119.06218320871865, -93.23571629697838, -228.44398348765742], [-115.06104393225719, -81.23489219336673, -225.4705900703022]], #FF0000, 26.0
[[-901.0902250000835, 163.61082269091338, -98.33428511427444], [-898.2226580927901, 174.7951821538955, -95.37082623149043]], #007BFF, 26.1
[[-109.31726436828679, -96.63217436342663, -228.12789980946346], [-105.31595865640558, -84.63123584615602, -225.3320821424086]], #FF0000, 26.1
[[-910.6667181738204, 166.9809963703718, -100.28244267938253], [-907.800015972061, 178.1651548596898, -97.31723801977536]], #007BFF, 26.2
[[-99.5893490427775, -100.04439936636366, -227.89864807456183], [-95.58787234741244, -88.04335811526123, -225.10293469646422]], #FF0000, 26.2
[[-920.2632765697822, 170.27805198445947, -102.23731562356164], [-917.3974530584114, 181.4619799721512, -99.27041538492261]], #007BFF, 26.3
[[-89.87983833186863, -103.47067755200628, -227.66817355603328], [-85.87818571741647, -91.46954590015868, -224.8725483533125]], #FF0000, 26.3
[[-929.8901169378896, 173.50077901262662, -104.19723936800673], [-927.0251893008985, 184.68444856473357, -101.22868000802961]], #007BFF, 26.4
[[-80.19016709120608, -106.90973221398224, -227.43776063754098], [-76.18833403213101, -94.90852181887459, -224.6422054631696]], #FF0000, 26.4
[[-939.5574685691871, 176.64710713148514, -106.16143176622464], [-936.6934536467858, 187.83050372892075, -103.19125007575806]], #007BFF, 26.5
[[-70.52177097797906, -110.36074403851461, -227.2091546224207], [-66.51975484661438, -98.35946275258294, -224.41365089735731]], #FF0000, 26.5
[[-949.2749522108971, 179.71394712425428, -108.12879403884263], [-946.4118625879995, 190.89707145171445, -105.15703451678799]], #007BFF, 26.6
[[-60.876057534029485, -113.82337876643483, -226.98434139831656], [-56.87385834736544, -101.82203042113692, -224.18886994110775]], #FF0000, 26.6
[[-959.0512823268369, 182.6990686382301, -110.09230473634895], [-956.1891280310732, 193.88195659394134, -107.11897238576006]], #007BFF, 26.7
[[-51.25438626881536, -117.29782477894136, -226.76529029531815], [-47.25200688493886, -105.29641081059296, -223.9698335285634]], #FF0000, 26.7
[[-968.8917018379587, 185.6037718227676, -112.03262541477777], [-966.0304543617095, 196.7865003548239, -109.05769685410068]], #007BFF, 26.8
[[-41.6580594698958, -120.78482172252701, -226.55370723164873], [-37.655505459103146, -108.78334322150677, -223.75825095513295]], #FF0000, 26.8
[[-978.7964280900871, 188.4243733796144, -113.94075723237765], [-975.9360362330976, 199.60702728428748, -110.96422969730892]], #007BFF, 26.9
[[-32.08832379622781, -124.28566049554382, -226.35091019643738], [-28.085603195067897, -112.28411957608733, -223.5554446075746]], #FF0000, 26.9
[[-988.7635487818487, 191.1537504605175, -115.81430647233829], [-985.9039506631258, 202.33642519184573, -112.83619644474162]], #007BFF, 27.0
[[-22.546378971967115, -127.80213183039254, -226.15772580238234], [-18.543502005647518, -115.80053195586595, -223.36224549889226]], #FF0000, 27.0
