[[-11.0, -1011.0, -2.0], [11.0, -989.0, 2.0]], #007BFF, 0.0
[[1198.0, -2.0, -652.0], [1202.0, 2.0, -648.0]], #FF0000, 0.0
[[-11.000008203669672, -1000.9964236971978, -2.0363833296822462], [10.999991795267754, -978.9964235534749, 1.963613420341848]], #007BFF, 0.1
[[1187.9984540679773, -1.9999889646138076, -651.9806911927573], [1191.9984541013448, 2.0000110359795773, -647.9806989357752]], #FF0000, 0.1
[[-10.998122148975478, -990.9889664525361, -2.1510879292328893], [11.00187793846669, -968.9889662822496, 1.848897532095064]], #007BFF, 0.2
[[1177.9961691123483, -1.9987772789573182, -651.9293314246494], [1181.9961691667556, 2.0012228177460383, -647.9293616128947]], #FF0000, 0.2
[[-10.994891315217515, -980.9816037465629, -2.3352527468911926], [11.005108862009077, -958.9816036661665, 1.66470987742054]], #007BFF, 0.30000000000000004
[[1167.995889140779, -1.996976660580538, -651.8355323159008], [1171.9958895371763, 2.003023485688953, -647.8355971344561]], #FF0000, 0.30000000000000004
[[-10.990835674211635, -970.9793879398576, -2.5825238015430703], [11.009164542170943, -948.9793872520797, 1.4173994100442209]], #007BFF, 0.4
[[1158.0011453778873, -1.9950231825406988, -651.6891795617382], [1162.001146543432, 2.004976935215992, -647.6892894231103]], #FF0000, 0.4
[[-10.986526037708302, -960.9872602785971, -2.890480786488143], [11.013474138001314, -938.9872583990481, 1.109386495894722]], #007BFF, 0.5
[[1148.015661569512, -1.99312264220297, -651.4853613673374], [1152.0156640615367, 2.0068773671324527, -647.4855249795937]], #FF0000, 0.5
[[-10.982566880958176, -951.0102260721521, -3.2584890884367383], [11.01743315966627, -929.0102223748154, 0.741307130639801]], #007BFF, 0.6
[[1138.0424439956628, -1.9915030053801568, -651.2252918760149], [1142.042448495697, 2.0084971623214996, -647.2255163365656]], #FF0000, 0.6
[[-10.979538129646182, -941.0529650766173, -3.686717425081142], [11.020462166423455, -919.0529590242127, 0.31299375936130236]], #007BFF, 0.7000000000000001
[[1128.0840993011218, -1.9903385943646832, -650.913950154958], [1132.0841065803413, 2.0096618048028065, -646.9142415907131]], #FF0000, 0.7000000000000001
[[-10.97798233706283, -931.1194622398551, -4.175473048529808], [11.022018461151493, -909.1194535355854, -0.17585980429892034]], #007BFF, 0.8
[[1118.1428182495993, -1.989790629798653, -650.5587380369561], [1122.1428291611392, 2.0102100126096722, -646.5591008893707]], #FF0000, 0.8
[[-10.978408595459099, -921.2126721085846, -4.7247301121057745], [11.02159287181488, -899.2126608683119, -0.7252266764168924]], #007BFF, 0.9
[[1108.220354274625, -1.9900132331008225, -650.1690365712345], [1112.2203697604452, 2.009987620642442, -646.1694730756242]], #FF0000, 0.9
[[-10.981293884846158, -911.3342065194373, -5.333831575341211], [11.018708419956232, -889.3341934476706, -1.3344490185589777]], #007BFF, 1.0
[[1098.3180255857224, -1.991110627393712, -649.7541297283402], [1102.318046660565, 2.008890370664846, -645.7546413901986]], #FF0000, 1.0
[[-10.981293884846158, -911.3342065194373, -5.333831575341211], [11.018708419956232, -889.3341934476706, -1.3344490185589777]], #007BFF, 1.0
[[1098.3180255857224, -1.991110627393712, -649.7541297283402], [1102.318046660565, 2.008890370664846, -645.7546413901986]], #FF0000, 1.0
[[-10.84894038064351, -901.4840698323953, -5.94779029887519], [10.877366304107555, -879.4840532417222, -2.055675619846407]], #007BFF, 1.1
[[1088.4367267445891, -1.993089554974794, -649.3211595869075], [1092.4367486838605, 2.0069114053297086, -645.3216428535741]], #FF0000, 1.1
[[-10.85098349332435, -891.6604596415248, -6.671609755965185], [10.875322094046204, -869.6604423393512, -2.7794978444265057]], #007BFF, 1.2
[[1078.5769552478268, -1.9958320785194879, -648.874777985089], [1082.57697851889, 2.004168833434615, -644.8752542923588]], #FF0000, 1.2
[[-10.851748234857126, -881.8594996508899, -7.4491378950911455], [10.874556496840203, -859.8594798162109, -3.557051305012817]], #007BFF, 1.3
[[1068.7389294260654, -1.9991264947069611, -648.4183537882546], [1072.7389542221783, 2.0008743887252485, -644.4188412902864]], #FF0000, 1.3
[[-10.853016790486674, -872.0751077956132, -8.277954923897733], [10.873287394444397, -850.0750847659241, -4.385914045247709]], #007BFF, 1.4
[[1058.9227192057467, -2.00274401495781, -647.9547568162998], [1062.9227455516668, 1.9972569051132987, -643.9552711946963]], #FF0000, 1.4
[[-10.856524577283228, -862.2988564160622, -9.155056403541193], [10.869779386355084, -840.2988289715207, -5.263079065177614]], #007BFF, 1.5
[[1049.1283398568921, -2.006503022247289, -647.4866487623964], [1053.1283677204242, 1.9934981968372836, -643.4872037430417]], #FF0000, 1.5
[[-10.863949727143753, -852.5195025458327, -10.073177921282147], [10.862354335835017, -830.519468659342, -6.181278857409501]], #007BFF, 1.6
[[1039.3557842247742, -2.010289976535783, -647.0165045035043], [1043.355813589309, 1.9897117975896286, -643.0171121456236]], #FF0000, 1.6
[[-10.876865000962091, -842.7234005161997, -11.022907412935387], [10.849439523809437, -820.723357286196, -7.1310992697624815]], #007BFF, 1.7000000000000002
[[1029.605004441134, -2.0140464832769913, -646.5466030921225], [1033.6050397804802, 1.9859560326371986, -642.5472739278216]], #FF0000, 1.7000000000000002
[[-10.896759779069184, -832.8961164602629, -12.001943905335452], [10.829545590979818, -810.8960603622579, -8.11024017232867]], #007BFF, 1.8
[[1019.8758797646666, -2.0177443088732825, -646.0790494132372], [1023.8759233088555, 1.9822590949504533, -642.079792506666]], #FF0000, 1.8
[[-10.925149953129722, -823.0241185879371, -13.016555318395545], [10.801156687964667, -801.0240456158875, -9.124968425874394]], #007BFF, 1.9
[[1010.1681760097033, -2.0213653322297116, -645.6158072093589], [1014.1682295135238, 1.9786390668931308, -641.6166301648256]], #FF0000, 1.9
[[-10.964209909467353, -813.0949678818034, -14.068731264950078], [10.762098410922949, -791.0948733891724, -10.177271579743572]], #007BFF, 2.0
[[1000.4815223253075, -2.0248932715367247, -645.1586977626357], [1004.4815876027661, 1.9751122004273491, -641.1596066872539]], #FF0000, 2.0
[[-10.964209909467353, -813.0949678818034, -14.068731264950078], [10.762098410922949, -791.0948733891724, -10.177271579743572]], #007BFF, 2.0
[[1000.4815223253075, -2.0248932715367247, -645.1586977626357], [1004.4815876027661, 1.9751122004273491, -641.1596066872539]], #FF0000, 2.0
[[-11.015392459631059, -803.0992114924439, -15.133062111542852], [10.710926198953839, -781.0990954070829, -11.24154609737483]], #007BFF, 2.1
[[990.8153977806053, -2.028315153854284, -644.7093808117013], [994.8154789286903, 1.9716911795430043, -640.7102114397703]], #FF0000, 2.1
[[-11.081122270428843, -793.0367796774726, -16.195005278011237], [10.645206788340243, -771.0366374320024, -12.30345769401286]], #007BFF, 2.2
[[981.1691269788802, -2.0316274193390544, -644.268879801903], [985.1692231944775, 1.9683798838877111, -640.2696665507829]], #FF0000, 2.2
[[-11.165926427995839, -782.9123528097174, -17.254389982442994], [10.560414225260121, -760.912180668939, -13.36282220064599]], #007BFF, 2.3
[[971.5418707567984, -2.034839334637371, -643.8378590270326], [975.5419812636959, 1.9651690010786094, -639.8386308604805]], #FF0000, 2.3
[[-11.27619836931829, -772.7326507350211, -18.32364913203002], [10.450153067368376, -750.7324487772815, -14.432078259937798]], #007BFF, 2.4
[[961.9326184795358, -2.0379734149842377, -643.4165585653315], [965.9327424960783, 1.9620359862564705, -639.4173393969619]], #FF0000, 2.4
[[-11.419014852401295, -762.5046719653253, -19.416075674640005], [10.307345490761433, -740.5044417982185, -15.52451756893631]], #007BFF, 2.5
[[952.3401730524989, -2.041063536983911, -643.0049015858491], [956.3403097419317, 1.958946952643891, -639.0057110906886]], #FF0000, 2.5
[[-11.600916402147524, -752.2358634975686, -20.539164856048718], [10.125454071085235, -730.2356077377375, -16.647634199075096]], #007BFF, 2.6
[[942.7631338791033, -2.0441520458371443, -642.6026800415477], [946.7632823162529, 1.955859562956861, -638.6035347575951]], #FF0000, 2.6
[[-11.82827694487567, -741.9348416095069, -21.699928606267836], [9.898103440481266, -719.934563781792, -17.808439503096803]], #007BFF, 2.7
[[933.1998793538836, -2.0472875240342434, -642.2097849018332], [937.2000385094426, 1.9527252491626503, -638.2106993349171]], #FF0000, 2.7
[[-12.107668209590777, -731.611051152658, -22.905469314659452], [9.618720919604051, -709.610755659858, -19.01403544785263]], #007BFF, 2.8
[[923.6485530710515, -2.0505243163030835, -641.8263707697857], [927.6487218103566, 1.9494896770658416, -637.827358131255]], #FF0000, 2.8
[[-12.445803177148091, -721.2748058657631, -24.163715921658554], [9.28059350427724, -699.2744980727465, -20.272350304155037]], #007BFF, 2.9
[[914.1070554700274, -2.0539243161966674, -641.4528701047518], [918.1072325643039, 1.9460909540670057, -637.4539425752889]], #FF0000, 2.9
[[-12.848813171319852, -710.9371285744048, -25.483881174731017], [8.877590673918618, -688.9368147409109, -21.592595574788525]], #007BFF, 3.0
[[904.5730323145567, -2.057559937582387, -641.0899540142191], [908.5732164624417, 1.9424566573891855, -637.0911227636457]], #FF0000, 3.0
[[-12.848813171319852, -710.9371285744048, -25.483881174731017], [8.87759067391862, -688.9368147409109, -21.592595574788525]], #007BFF, 3.0
[[904.5730323145567, -2.057559937582387, -641.0899540142191], [908.5732164624417, 1.9424566573891855, -637.0911227636457]], #FF0000, 3.0
[[-13.321541144871007, -700.6091445566169, -26.874812498620614], [8.404906001173257, -678.6087996294475, -22.98358367658684]], #007BFF, 3.1
[[895.0438443763675, -2.0615163602199944, -640.7385660117881], [899.0440474234914, 1.938501186958413, -636.7396471727039]], #FF0000, 3.1
[[-13.867478307172313, -690.3011990254964, -28.342116156551857], [7.859008490558673, -668.3008192008793, -24.450962544043104]], #007BFF, 3.2
[[885.5165337323651, -2.0658935968833836, -640.3996268787074], [889.5167560336988, 1.9341249077190863, -636.4006506594486]], #FF0000, 3.2
[[-14.489610351493695, -680.0223295523341, -29.888272539539088], [7.236914498476973, -658.0219099654238, -25.99721025780387]], #007BFF, 3.3
[[875.9876782923111, -2.070805494107644, -640.0745563054601], [879.987920688252, 1.9292140266824043, -636.0755467317991]], #FF0000, 3.3
[[-15.190676241450737, -669.779857965741, -31.5133078609091], [6.535886617020585, -647.7793929585084, -27.62235075399272]], #007BFF, 3.4
[[866.4526386231569, -2.076377238475051, -639.7639891730181], [870.4529038274986, 1.9236434228305237, -635.7649696526827]], #FF0000, 3.4
[[-15.973280142266193, -659.5790353248949, -33.215385905041444], [5.753321392929019, -637.5785187705867, -29.324545813799315]], #007BFF, 3.5
[[856.9070675714348, -2.082784944107938, -639.467420018679], [860.9073583180531, 1.9172370309004962, -635.4684102478574]], #FF0000, 3.5
[[-16.839950146563684, -649.422706270906, -34.9912934079756], [4.886690927064187, -627.4221319793462, -31.100580228777268]], #007BFF, 3.6
[[847.3482915906303, -2.0902056411418877, -639.1858253828487], [851.3486089348945, 1.9098177342846925, -635.1868394560994]], #FF0000, 3.6
[[-17.793138622486353, -639.3109507798432, -36.83663199807487], [3.9335427474353306, -617.3103129891721, -32.94605323982136]], #007BFF, 3.7
[[837.7740610961173, -2.0987821966867886, -638.9218174319882], [841.7744060008431, 1.9012426166808194, -634.9228689754526]], #FF0000, 3.7
[[-18.835164904125406, -629.240657299549, -38.74560057023859], [2.89155700692674, -607.2399512807588, -34.85516031732964]], #007BFF, 3.8
[[828.1821383220947, -2.108643759896852, -638.677752828175], [832.1825114377273, 1.8913824915723927, -634.6788555978981]], #FF0000, 3.8
[[-19.96806019534855, -619.2050403546453, -40.71058288027289], [1.758701396800209, -597.2042632125612, -36.820280719320586]], #007BFF, 3.9
[[818.5704623163917, -2.119919355803087, -638.4553145891537], [822.5708638186052, 1.8801083137484595, -634.4564826903838]], #FF0000, 3.9
[[-21.193267893750832, -609.1930582650182, -42.721396947363615], [0.5335311713426627, -587.1922099190638, -38.83122698419045]], #007BFF, 4.0
[[808.9372796813128, -2.1327494157008826, -638.255300140937], [812.9377091767441, 1.8672796384857508, -634.2565479930116]], #FF0000, 4.0
[[-21.193267893750832, -609.1930582650182, -42.721396947363615], [0.5335311713426627, -587.1922099190638, -38.83122698419045]], #007BFF, 4.0
[[808.9372796813128, -2.1327494157008826, -638.255300140937], [812.9377091767441, 1.8672796384857508, -634.2565479930116]], #FF0000, 4.0
[[-22.512239284956443, -599.190245863585, -44.76915901935407], [-0.785453181408263, -577.189300709, -40.87809437984725]], #007BFF, 4.1
[[799.2812439147244, -2.147287342247786, -638.0258865731804], [803.2816758494735, 1.8527408637218317, -634.130565973412]], #FF0000, 4.1
[[-23.928210940851386, -589.1813948801146, -46.85327397894121], [-2.2014093698004285, -567.1803499417354, -42.96137330665693]], #007BFF, 4.2
[[789.6014201332653, -2.163698677786478, -637.8693800388893], [793.601854870943, 1.8363291202799839, -633.974122529744]], #FF0000, 4.2
[[-25.445495843579664, -579.1508232388264, -48.97734307058691], [-3.718661061995064, -557.1496724190383, -45.0846580994193]], #007BFF, 4.3
[[779.8973116175525, -2.1821501836302666, -637.7323062172686], [783.897748541704, 1.817877699567965, -633.8371231397168]], #FF0000, 4.3
[[-27.068473099651293, -569.08295340919, -51.144184939631344], [-5.341595895340378, -547.0816865788155, -47.25076558396076]], #007BFF, 4.4
[[770.1688024278133, -2.202803117624413, -637.612350160712], [774.1692397285715, 1.7972253437254424, -633.7172522921411]], #FF0000, 4.4
[[-28.80065356748191, -558.963830222074, -53.35446904047207], [-7.073731437314223, -536.9624332896256, -49.4603631148169]], #007BFF, 4.5
[[760.4160903377781, -2.225805509956248, -637.5069152689964], [764.4165250279075, 1.7742239606888164, -633.6119125937278]], #FF0000, 4.5
[[-30.643468886634896, -548.7820376359924, -55.60419133533635], [-8.916495806741825, -526.7804913320584, -51.709454452045335]], #007BFF, 4.6
[[750.639608332586, -2.2512856833513673, -637.4133723797145], [754.6400363834498, 1.748745133639765, -633.518474168571]], #FF0000, 4.6
[[-32.58992631447506, -538.5277217699279, -57.864767545993004], [-10.862885070568082, -516.5260087469189, -53.969453911095556]], #007BFF, 4.7
[[740.8399459228383, -2.2793479376733754, -637.3292536197047], [744.8403625155245, 1.7206844673455488, -633.4344684438801]], #FF0000, 4.7
[[-34.63484169976171, -528.2032191207626, -60.11988891336798], [-12.907696742872211, -506.2013225709474, -56.22406499288166]], #007BFF, 4.8
[[731.0177781822042, -2.310070081934199, -637.2523750434447], [735.0181780274554, 1.6899640684345028, -633.3577108081673]], #FF0000, 4.8
[[-36.77705082406905, -517.8164025774719, -62.36690811789147], [-15.049776379741253, -495.8143152971643, -58.4706272571666]], #007BFF, 4.9
[[721.1738074205286, -2.343502202064822, -637.1808965864884], [725.1741851112208, 1.6565337816461225, -633.2863605173634]], #FF0000, 4.9
[[-39.017692447931, -507.3772231525424, -64.61240773868033], [-17.29027239770987, -485.3749423269658, -60.71571906175803]], #007BFF, 5.0
[[711.3087200339719, -2.3796661085267883, -637.1133350609224], [715.3090703919049, 1.6203717432524392, -633.21893365228]], #FF0000, 5.0
[[-39.017692447931, -507.3772231525424, -64.61240773868033], [-17.29027239770987, -485.3749423269658, -60.71571906175803]], #007BFF, 5.0
[[711.3087200339719, -2.3796661085267883, -637.1133350609224], [715.3090703919049, 1.6203717432524392, -633.21893365228]], #FF0000, 5.0
[[-41.34007403377951, -496.89501151715785, -66.86177245950394], [-19.646269044218762, -474.892405452316, -62.964960876386996]], #007BFF, 5.1
[[701.4231335477388, -2.2984907270706825, -637.0486246817422], [705.4235046010671, 1.4614201860806544, -633.1541974069066]], #FF0000, 5.1
[[-43.77626300750081, -486.37947267477506, -69.11939106631117], [-22.08264981673188, -464.37655122731934, -65.22243323047941]], #007BFF, 5.2
[[691.5176645552868, -2.3400661814166783, -636.9858152320185], [695.5180535414016, 1.4198392631673415, -633.0913751396474]], #FF0000, 5.2
[[-46.307141710751935, -475.8411956857004, -71.39014105525352], [-24.6137249329997, -453.83796819748784, -67.49302655871183]], #007BFF, 5.3
[[681.5928485756533, -2.3842686374232454, -636.9242828883058], [685.5932538074346, 1.3756305557640909, -633.0298429356909]], #FF0000, 5.3
[[-48.92984366404042, -465.2912482592817, -73.67913197469404], [-27.236626693743986, -443.287722860191, -69.78185903213664]], #007BFF, 5.4
[[671.6491752123161, -2.431008500325948, -636.8635828477163], [675.6495962697622, 1.3288834517369392, -632.9691569605461]], #FF0000, 5.4
[[-51.6409350745591, -454.7406356474195, -75.99144550305691], [-29.947919394721346, -432.7368186764554, -72.0940188432432]], #007BFF, 5.5
[[661.687104960548, -2.4801710855634593, -636.8033857347824], [665.6875427079834, 1.2797126669346701, -632.9089883485557]], #FF0000, 5.5
[[-54.43644784949794, -444.2000110327817, -78.33224604899135], [-32.74363292239413, -422.1959070450659, -74.43467481435192]], #007BFF, 5.6
[[651.7070892707098, -2.5316187080375583, -636.7434177092128], [655.7075456983699, 1.2282560507404736, -632.8490635494762]], #FF0000, 5.6
[[-57.312065314630885, -433.67951776291403, -80.70715889168417], [-35.61944858802717, -411.67513040567843, -76.80945574430197]], #007BFF, 5.7
[[641.7095906539553, -2.5851932164811635, -636.6834102111876], [645.7100685983953, 1.1746719404673223, -632.7891138241215]], #FF0000, 5.7
[[-60.263085218861626, -423.18883065374786, -83.12329195384311], [-38.570662151110064, -401.1841640770555, -79.22547093536562]], #007BFF, 5.8
[[631.6951001571613, -2.640718824781896, -636.6230623501051], [635.6956029467019, 1.119136283010358, -632.7288376399695]], #FF0000, 5.8
[[-63.28500593133804, -412.7370130507145, -85.58835007187518], [-41.59277038706403, -390.7320734923252, -81.69042374921621]], #007BFF, 5.9
[[621.6641502303823, -2.698005025925557, -636.5620178322913], [625.6646813069028, 1.0618397153884485, -632.6678776066237]], #FF0000, 5.9
[[-66.37395967621525, -402.331909667179, -88.10855237774756], [-44.68190451119125, -380.3267064522461, -84.21053080392947]], #007BFF, 6.0
[[611.6173218280525, -2.7568493882796328, -636.4998565905377], [615.6178843901838, 1.002984774899141, -632.605812181345]], #FF0000, 6.0
[[-66.37395967621525, -402.331909667179, -88.10855237774756], [-44.68190451119125, -380.3267064522461, -84.21053080392947]], #007BFF, 6.0
[[611.6173218280525, -2.7568493882796328, -636.4998565905377], [615.6178843901838, 1.002984774899141, -632.605812181345]], #FF0000, 6.0
[[-69.52638676985848, -391.97934586617436, -90.68716237675895], [-47.83442965603254, -369.9740122762924, -86.78936848898266]], #007BFF, 6.1
[[601.5552317904093, -2.817047672677744, -636.4362579741284], [605.5558565522041, 0.9427909694593514, -632.5419997488747]], #FF0000, 6.1
[[-72.73868080581286, -381.682902935346, -93.32486030064446], [-51.04683238343145, -359.6774489415711, -89.42732675720553]], #007BFF, 6.2
[[591.478573919142, -2.878372892307355, -636.3705047682811], [595.4792576528334, 0.8814694065426816, -632.4761004085365]], #FF0000, 6.2
[[-76.0074913037053, -371.4434910418346, -96.01998969100126], [-54.315757595803554, -349.43793254372645, -92.12273244280559]], #007BFF, 6.3
[[581.3880595392353, -2.940600554572015, -636.3020623009702], [585.388801293038, 0.8192441772118706, -632.4075575280015]], #FF0000, 6.3
[[-79.32989858597136, -361.2592105739831, -98.7692051902805], [-57.638282367461066, -339.2535643152617, -94.87222915748248]], #007BFF, 6.4
[[571.2844228706085, -3.0035024086161273, -636.2304052648362], [575.2852238242936, 0.7563429301558053, -632.335831237453]], #FF0000, 6.4
[[-82.70358316682774, -351.1250422526495, -101.56749869933643], [-61.01208333062936, -329.11932178934734, -97.67079999598766]], #007BFF, 6.5
[[561.1684073066684, -3.0668483014015937, -636.1550470334696], [565.1692703809914, 0.6929955586333967, -632.2604224293177]], #FF0000, 6.5
[[-86.12700182800009, -341.0328523000987, -104.40857315367187], [-64.43561305262432, -319.0270645306833, -100.51214765551428]], #007BFF, 6.6
[[551.0407518069283, -3.130407523446194, -636.0755604551453], [555.0416809791893, 0.6294327803745328, -632.180896014861]], #FF0000, 6.6
[[-89.59977010954205, -330.9725624426364, -107.28799755190339], [-67.90848266369417, -308.9667061817166, -103.39185417085595]], #007BFF, 6.7
[[540.9021785937151, -3.1939499035073, -635.9915944304928], [544.9031781208031, 0.5658848740059239, -632.0968967257647]], #FF0000, 6.7
[[-93.12239899950625, -320.93313763645494, -110.20542179620597], [-71.43120091903681, -298.92719453599284, -106.30957693176592]], #007BFF, 6.8
[[530.7533832026196, -3.257246950984576, -635.902883409851], [534.7544568569775, 0.5025804657772477, -632.0081583495171]], #FF0000, 6.8
[[-96.69509028090206, -310.9024873476469, -113.16246344093767], [-75.00396999509994, -288.8963272902075, -109.26692386770497]], #007BFF, 6.9
[[520.5950274978866, -3.3200731670032995, -635.809250018904], [524.5961779230627, 0.4397452091403138, -631.9145054980389]], #FF0000, 6.9
[[-100.31741586808118, -300.8677088326451, -116.16092688032984], [-78.62636279028357, -278.86128471713573, -112.26544353355933]], #007BFF, 7.0
[[510.4277358800169, -3.38220758676022, -635.7106010228947], [514.4289641309924, 0.37760025064656677, -631.8158486584391]], #FF0000, 7.0
[[-100.31741586808118, -300.8677088326451, -116.16092688032984], [-78.62636279028357, -278.86128471713573, -112.26544353355933]], #007BFF, 7.0
[[510.4277358800168, -3.38220758676022, -635.7106010228947], [514.4289641309924, 0.37760025064656677, -631.8158486584391]], #FF0000, 7.0
[[-103.98845767897747, -290.816075519472, -119.15985229378268], [-82.29719481823001, -268.809383345565, -115.34782548818035]], #007BFF, 7.1
[[500.252160582302, -3.3824337158702056, -635.6069257055339], [504.2533348034646, 0.2553585621501756, -631.7121615726545]], #FF0000, 7.1
[[-107.70617401640958, -280.7359862686895, -122.24117831522369], [-86.01468806419923, -258.7289964966273, -118.43090665792718]], #007BFF, 7.2
[[490.0687859142126, -3.4425565629465424, -635.4982544560322], [494.06990815309274, 0.19523776799632575, -631.6034849742827]], #FF0000, 7.2
[[-111.46784793282235, -270.6178811161191, -125.36219889385019], [-89.77613330536416, -248.61055834386372, -121.5536449541443]], #007BFF, 7.3
[[479.8781306953038, -3.5013717722406517, -635.3846659427569], [483.8792031279318, 0.13642478603290453, -631.4899015059272]], #FF0000, 7.3
[[-115.27018523492337, -260.45267566977816, -128.51097382842133], [-93.57824150621316, -238.4449694261591, -124.70410992042116]], #007BFF, 7.4
[[469.68068600762473, -3.5586961133821484, -635.2662696733826], [473.68171051025007, 0.0791019678267999, -631.3715256535729]], #FF0000, 7.4
[[-119.10730117588486, -250.2356719664584, -131.66735873111963], [-97.41511949444148, -228.22754120933197, -127.86215165085855]], #007BFF, 7.5
[[459.4769204300402, -3.6143618324875493, -635.1431927689007], [463.47789842858197, 0.023436925406833065, -631.2484875915882]], #FF0000, 7.5
[[-122.97265186202459, -239.9706739375538, -134.8274716804415], [-101.2802197078599, -217.96209544104985, -131.023861116353]], #007BFF, 7.6
[[449.2672851273754, -3.668218636306759, -635.0155675986846], [453.26821756633666, -0.030419752022771807, -631.1209213524851]], #FF0000, 7.6
[[-126.85977904335276, -229.6643551135033, -137.99723601548462], [-105.16707952875073, -207.65532261949443, -134.1951487509679]], #007BFF, 7.7
[[439.0522181822753, -3.7201353871107035, -634.8835232011545], [443.05310561972783, -0.0823365961761211, -630.9889559571368]], #FF0000, 7.7
[[-130.76261640028406, -219.32268831303148, -141.17990578282155], [-109.06963041558396, -197.3132029641242, -137.37927299954458]], #007BFF, 7.8
[[428.8321478491065, -3.770001631990269, -634.7471800424707], [432.8329906194281, -0.13220289022248544, -630.8527104450072]], #FF0000, 7.8
[[-134.6749113550951, -208.9520530131313, -144.37751130444124], [-112.98161708629883, -186.94212172151416, -140.5782575226763]], #007BFF, 7.9
[[418.60749456219236, -3.8177288288173803, -634.60664817137], [422.60829296920605, -0.1799298689788431, -630.7122923287815]], #FF0000, 7.9
[[-138.59050890465264, -198.55961583984507, -147.59227045654404], [-116.89688178734151, -176.54924858197072, -143.79432215822368]], #007BFF, 8.0
[[408.37867172388127, -3.863251201551742, -634.4620281481148], [412.37942622619545, -0.22545152156621961, -630.567798944229]], #FF0000, 8.0
[[-138.59050890465264, -198.55961583984507, -147.59227045654404], [-116.89688178734153, -176.54924858197072, -143.79432215822368]], #007BFF, 8.0
[[408.37867172388127, -3.863251201551742, -634.4620281481148], [412.37942622619545, -0.22545152156621961, -630.567798944229]], #FF0000, 8.0
[[-142.4495996931454, -188.15288191670507, -150.82716195768106], [-120.86367454885881, -166.14204436232936, -147.02836007791413]], #007BFF, 8.1
[[398.1821658277506, -3.9065016516411717, -634.305088303501], [402.11071798513444, -0.26874963910134375, -630.4276398558256]], #FF0000, 8.1
[[-146.35479049211528, -177.73941502591262, -154.08284591415085], [-124.768634277954, -155.7280201561072, -150.2831057804738]], #007BFF, 8.2
[[387.94619016728166, -3.9474828830461863, -634.1525828286602], [391.8747582310873, -0.30978318695335627, -630.2752115964712]], #FF0000, 8.2
[[-150.24719608859618, -167.326527029641, -157.36112324269254], [-128.660832683102, -145.31448529965053, -153.560412501663]], #007BFF, 8.3
[[377.7074242010553, -3.986201175395647, -633.9963628145938], [381.6359986557397, -0.34855691869666927, -630.1190578859162]], #FF0000, 8.3
[[-154.1226061764657, -156.92101216932167, -160.66380465030986], [-132.53606146484287, -134.90823551545282, -156.86211330870455]], #007BFF, 8.4
[[367.4669358054377, -4.022685213959596, -633.8364890180346], [371.3955031560026, -0.3850983200097986, -629.9592648341256]], #FF0000, 8.4
[[-157.97777846561425, -146.52873973816907, -163.99201423801935], [-136.39108288426073, -124.51515323498444, -160.1893567057354]], #007BFF, 8.5
[[357.225993545375, -4.056977582139599, -633.6723855596697], [361.1545429700341, -0.4194499489348982, -629.7952874882255]], #FF0000, 8.5
[[-161.81036452642394, -136.15450843269755, -167.3467030254085], [-140.22355818755966, -114.14005502101142, -163.54309821711917]], #007BFF, 8.6
[[346.9856957961261, -4.089146693330692, -633.5031209167452], [350.91421798486687, -0.4516809566550468, -629.626202782402]], #FF0000, 8.6
[[-165.6189361963698, -125.80204515624658, -170.72925837208132], [-144.03207066684652, -103.78669318886497, -166.9247211249781]], #007BFF, 8.7
[[336.7470681515241, -4.11927577799439, -633.3278574560604], [340.67555519127166, -0.4818755011363687, -629.4511688040163]], #FF0000, 8.7
[[-169.4032408395702, -115.47370416972939, -174.1407012040696], [-147.8163752478242, -93.45745551309133, -170.33525075219373]], #007BFF, 8.8
[[326.5110878410431, -4.14745912778378, -633.1459837306852], [330.4395331843038, -0.5101287059664239, -629.2695627927346]], #FF0000, 8.8
[[-173.1642383432337, -105.17013356286219, -177.58093542751928], [-151.57743490249044, -83.15302702609131, -173.7746076406315]], #007BFF, 8.9
[[316.2786929613361, -4.173800351029791, -632.9571331571649], [320.20709131611727, -0.5365448403314845, -629.0810037159899]], #FF0000, 8.9
[[-176.9039508767825, -94.89024854797755, -181.04897442224765], [-155.31727134395877, -72.87235712249377, -177.24182516013676]], #007BFF, 9.0
[[306.05078855296387, -4.198412019235518, -632.761161309095], [309.97913569960866, -0.5612369597339113, -628.8853324126447]], #FF0000, 9.0
[[-176.9039508767825, -94.89024854797755, -181.04897442224765], [-155.31727134395877, -72.87235712249377, -177.24182516013676]], #007BFF, 9.0
[[306.05078855296387, -4.198412019235518, -632.761161309095], [309.97913569960866, -0.5612369597339111, -628.8853324126447]], #FF0000, 9.0
[[-180.62943338910833, -84.4040130461768, -184.54324482794044], [-159.0434694868169, -62.84387873809678, -180.73598692971598]], #007BFF, 9.1
[[295.9271468150043, -4.221458755084981, -632.5582996363216], [299.65764861421263, -0.584284624323963, -628.6823820197926]], #FF0000, 9.1
[[-184.35200637060433, -74.16856356877723, -188.06337299534792], [-162.76674691749434, -52.6088620665174, -184.25570132982173]], #007BFF, 9.2
[[285.710734837901, -4.243036240459449, -632.3484956035323], [289.4413656644317, -0.6058560227681975, -628.4725609180172]], #FF0000, 9.2
[[-188.0727808244345, -63.94924521187029, -191.6085112864501], [-166.48817950205287, -42.38997018526396, -187.80020505467223]], #007BFF, 9.3
[[275.50136476161157, -4.263284347689064, -632.1321099440335], [279.2321226990145, -0.6260944509673476, -628.2561789829348]], #FF0000, 9.3
[[-191.79419064783215, -53.73963669417972, -195.17788822485375], [-170.21020159307412, -32.180737841274464, -191.36879264941598]], #007BFF, 9.4
[[265.29982570668756, -4.282351790430325, -631.9096385611953], [269.0307148158331, -0.645151450935912, -628.0337281228404]], #FF0000, 9.4
[[-195.52009805747392, -43.53332468450009, -198.77064659442416], [-173.93667969892587, -21.974704448425516, -194.96066132305188]], #007BFF, 9.5
[[255.1068680739068, -4.300395918420078, -631.6817322625118], [258.837897180672, -0.6631849296767438, -627.805847088114]], #FF0000, 9.5
[[-199.25470331172298, -33.324005106428125, -202.38587462995218], [-177.67181965467617, -11.76552048881289, -198.57494331221113]], #007BFF, 9.6
[[244.92319419625048, -4.317580902421742, -631.449172018299], [248.65437506341178, -0.6803583221331966, -627.5733152736117]], #FF0000, 9.6
[[-203.00203320697645, -23.105736305173338, -206.02237807337428], [-181.41965353380007, -1.5472043545433696, -202.21047436927813]], #007BFF, 9.7
[[234.74944734713944, -4.334075855224459, -631.2128470594774], [238.48079276333283, -0.6968397649129154, -627.3370222596894]], #FF0000, 9.7
[[-206.76555351331388, -12.873206152500847, -209.67845497935193], [-185.18365107660946, 8.68558651343565, -205.86556942319956]], #007BFF, 9.8
[[224.5862000205277, -4.3500536213252285, -630.9737228154161], [228.31772216037223, -0.7128013025317457, -627.0979360952058]], #FF0000, 9.8
[[-210.54784758922887, -2.62201403717955, -213.3518858847788], [-188.96639708745693, 18.937269987625246, -209.53801524262647]], #007BFF, 9.9
[[214.43394258009536, -4.365689854822393, -630.7328073258689], [218.16565180088313, -0.72841801243848, -626.8570673177167]], #FF0000, 9.9
[[-214.3508507310937, 7.652415792982637, -217.0355231230993], [-192.76984921755823, 29.21255421383072, -213.22011094988645]], #007BFF, 10.0
[[204.293073402146, -4.381162066238684, -630.4911152005473], [208.0249775156536, -0.7438669884059679, -626.615432200145]], #FF0000, 10.0
[[-214.3508507310937, 7.652415792982637, -217.0355231230993], [-192.76984921755823, 29.21255421383072, -213.22011094988645]], #007BFF, 10.0
[[204.293073402146, -4.381162066238684, -630.4911152005473], [208.0249775156536, -0.7438669884059679, -626.615432200145]], #FF0000, 10.0
[[-218.17382440145244, 17.953280414361245, -220.68791003192507], [-196.59470253349835, 39.51428989719083, -216.92587067046378]], #007BFF, 10.1
[[194.16392041107045, -4.396671854280144, -630.2494426862218], [197.8959661654475, -0.759302999401049, -626.3741831653979]], #FF0000, 10.1
[[-222.0150587249369, 28.277655632055353, -224.3602623856588], [-200.43781383679416, 49.83956714531054, -220.60127479957424]], #007BFF, 10.2
[[184.0466552094891, -4.412367058433051, -630.0088949046545], [187.77883144524563, -0.7749345932552627, -626.1339745038612]], #FF0000, 10.2
[[-225.87164785594524, 38.62184141925984, -228.02849943618293], [-204.29632537239723, 60.1845742719638, -224.27274636300842]], #007BFF, 10.3
[[173.94136321839332, -4.4284257722641085, -629.7702438605554], [177.67366060596746, -0.7909381259765906, -625.8956260487564]], #FF0000, 10.3
[[-229.74002172058354, 48.98191544917397, -231.69417992343213], [-208.16663763925615, 70.54533292330532, -227.94173847374182]], #007BFF, 10.4
[[163.8480256536285, -4.445023274856179, -629.5341925023482], [167.58043506529043, -0.8074880071613979, -625.6598468446558]], #FF0000, 10.4
[[-233.6160419068127, 59.35429656901789, -235.35808814040567], [-212.04461896911658, 80.91821294130881, -231.60898596125892]], #007BFF, 10.5
[[153.76652280457324, -4.462331305220712, -629.3013422050543], [157.49903438829358, -0.8247560876110773, -625.4272477257338]], #FF0000, 10.5
[[-237.4949103741604, 69.73533144662473, -239.02103548858344], [-215.9254845084918, 91.29953381316805, -235.2752723534647]], #007BFF, 10.6
[[143.69663904934802, -4.480517679140693, -629.0721991505566], [147.42924144159073, -0.8429109345917096, -625.1983358656291]], #FF0000, 10.6
[[-241.3714227189637, 80.12165218440842, -242.68348273682335], [-219.80403892659785, 101.68589601949256, -238.94102457981296]], #007BFF, 10.7
[[133.6380680310947, -4.499746060351965, -628.8471801880756], [137.37074799811325, -0.8621169258250636, -624.9735278186134]], #FF0000, 10.7
[[-245.24002913275314, 90.51014538488559, -246.3458883497433], [-223.67473667337492, 112.07416267693864, -242.6066723050447]], #007BFF, 10.8
[[123.59041732235703, -4.5201753989612445, -628.6266287659106], [127.32315970522494, -0.8825335010964466, -624.7531657028286]], #FF0000, 10.8
[[-249.09491626721064, 100.89811618514426, -250.00871084169688], [-227.53176455691533, 122.4616253344488, -246.27265330727255]], #007BFF, 10.9
[[113.55321203237145, -4.541959197879471, -628.4108343526981], [117.28599992357505, -0.9043144244790047, -624.537538236316]], #FF0000, 10.9
[[-252.93013126047396, 111.28344872282184, -253.67231324152598], [-231.36916647007564, 132.8461651787703, -249.9393204489442]], #007BFF, 11.0
[[103.52589721404338, -4.565244730679336, -628.2000545770595], [107.25871224797534, -0.927607066710513, -624.326903136239]], #FF0000, 11.0
[[-252.93013126047396, 111.28344872282184, -253.67231324152598], [-231.36916647007564, 132.8461651787703, -249.9393204489442]], #007BFF, 11.0
[[103.52589721404338, -4.565244730679336, -628.2000545770595], [107.25871224797534, -0.9276070667105127, -624.326903136239]], #FF0000, 11.0
[[-256.74192090681623, 121.66372322110338, -257.30453109754336], [-235.17878187796123, 143.22738661652647, -253.63916625735519]], #007BFF, 11.1
[[93.50773089615699, -4.55042868324771, -627.9948800002961], [97.2407699575026, -0.9922952849248521, -624.1211444810323]], #FF0000, 11.1
[[-260.52213433394405, 132.03912343917074, -260.9720298700579], [-238.9570062179534, 153.60388079587653, -257.3053176832818]], #007BFF, 11.2
[[83.49809863264504, -4.577058377833299, -627.7950950670742], [87.23136136560355, -1.0190973256082207, -623.9209119213559]], #FF0000, 11.2
[[-264.2650386127591, 142.40992558964078, -264.63951126474154], [-242.69809141395294, 163.97592490283765, -260.97249083285186]], #007BFF, 11.3
[[73.49620880410158, -4.605591957674507, -627.6009734864068], [77.22969326748198, -1.0478055453901054, -623.7264307518618]], #FF0000, 11.3
[[-267.96536086008865, 152.77736122819996, -268.30656895696046], [-246.39626806401265, 174.34473079042303, -264.6400461959991]], #007BFF, 11.4
[[63.501189808973805, -4.636146341446025, -627.4128333193912], [67.23489177317802, -1.0785372103981912, -623.5379850350537]], #FF0000, 11.4
[[-271.6177594912059, 163.1436184039517, -271.97248593699277], [-250.04644085007638, 184.71245293442794, -268.3070831407188]], #007BFF, 11.5
[[53.512088653671626, -4.668830344905443, -627.2310376534923], [57.24600132095976, -1.111401273030411, -623.3559186445276]], #FF0000, 11.5
[[-275.21735124835806, 173.5117962763488, -275.6362543461886], [-253.6437297714135, 195.08214475786852, -271.97244772670206]], #007BFF, 11.6
[[43.52786892819161, -4.703744635373589, -627.0559940001983], [47.261982950474774, -1.146498561189702, -623.1806313511236]], #FF0000, 11.6
[[-278.7595655908903, 183.88581288233667, -279.29664046846983], [-257.1835677332494, 205.45766997631085, -275.63478974158545]], #007BFF, 11.7
[[33.547406981135055, -4.740981788494443, -626.8881495352222], [37.28171059328801, -1.183921992758731, -623.0125704883552]], #FF0000, 11.7
[[-282.2400854254635, 194.27026874519646, -282.95224857917407], [-260.6616413063386, 215.8435715040265, -279.2926232906338]], #007BFF, 11.8
[[23.569484131419323, -4.780626452354815, -626.7279786849427], [27.303963237373885, -1.2237566919916962, -622.8522148221729]], #FF0000, 11.8
[[-285.65478753081, 204.6702712376186, -286.60154298630965], [-264.0738318676543, 226.24490141554972, -282.94434770011304]], #007BFF, 11.9
[[13.59277026963845, -4.8227555088437315, -626.5759544380285], [17.32740830128236, -1.2660800449418455, -622.7000426895715]], #FF0000, 11.9
[[-288.99970732912345, 215.0912244914151, -290.242828438242], [-267.4161809041286, 236.66701598065268, -286.58822426758206]], #007BFF, 12.0
[[3.6157864581977393, -4.867438115189982, -626.4324800582464], [7.350563676760359, -1.3109616482661823, -622.5564608586905]], #FF0000, 12.0
[[-288.99970732912345, 215.0912244914151, -290.242828438242], [-267.4161809041286, 236.66701598065268, -286.58822426758206]], #007BFF, 12.0
[[3.6157864581977393, -4.867438115189982, -626.4324800582464], [7.350563676760359, -1.3109616482661823, -622.5564608586905]], #FF0000, 12.0
[[-292.2721432219965, 225.5393665735042, -293.8740227628031], [-270.68375989448276, 247.1145545038786, -290.2224902309943]], #007BFF, 12.1
[[-6.363119652112562, -4.914821316676473, -626.297427603757], [-2.628381494831921, -1.3583765439286446, -622.4218614904752]], #FF0000, 12.1
[[-295.4673276874009, 236.0189668339106, -297.4937779044059], [-273.8739673143435, 257.59369841059686, -293.8440972666466]], #007BFF, 12.2
[[-16.34643948893576, -4.964872263374332, -626.170123031999], [-12.611709765247891, -1.408455102051842, -622.2949598079043]], #FF0000, 12.2
[[-298.5816491475918, 246.53477745192956, -301.09957950047345], [-276.9831866259762, 268.10927211752266, -297.4508664250969]], #007BFF, 12.3
[[-26.33700755275948, -5.017653038137952, -626.048552745557], [-22.602260570386925, -1.4612624896773054, -622.173756421059]], #FF0000, 12.3
[[-301.61171471093434, 257.0910428307784, -304.6880166963092], [-280.00820960328036, 278.66561661680055, -301.0400252910532]], #007BFF, 12.4
[[-36.336704246417575, -5.073234373303778, -625.932633845121], [-32.601928492877185, -1.5168709841997496, -622.0581902240763]], #FF0000, 12.4
[[-304.5558524367495, 267.6916648186687, -308.2513587014242], [-282.9474533994431, 289.2666856793276, -304.60423785093695]], #007BFF, 12.5
[[-46.346359744444186, -5.131629152379174, -625.8238787941704], [-42.61154333977183, -1.5752939074261048, -621.9497781827303]], #FF0000, 12.5
[[-307.412207746379, 278.33831812894954, -311.78242129218575], [-285.79871178514526, 299.9139734151942, -308.1357170415645]], #007BFF, 12.6
[[-56.366589056487335, -5.192826872561722, -625.7230455630582], [-52.631720697336284, -1.6365204550875028, -621.8492802316745]], #FF0000, 12.6
[[-310.1771539522756, 289.0302222020858, -315.2782806169711], [-288.55805478524405, 310.60649897290233, -311.63103076930577]], #007BFF, 12.7
[[-66.3977276984764, -5.256809992799937, -625.6301200285817], [-62.66279745672791, -1.7005327727475401, -621.7566804411914]], #FF0000, 12.7
[[-312.8463895384551, 299.7654849163176, -318.73809072450734], [-291.22127339120993, 321.34230106807985, -315.08958978733307]], #007BFF, 12.8
[[-76.43981172340553, -5.323565368605055, -625.544410554694], [-72.70481156661417, -1.767317548883934, -621.6712834862417]], #FF0000, 12.8
[[-315.41560678658936, 310.5416107863747, -322.1619929345709], [-293.78398490916743, 332.11883530453383, -318.5115038641178]], #007BFF, 12.9
[[-86.49259631132779, -5.393085033983393, -625.464709655385], [-82.75752035304964, -1.8368667232949756, -621.5918772062854]], #FF0000, 12.9
[[-317.8803689341516, 321.35572847740013, -325.5510459091495], [-296.24176051474655, 342.93319713537767, -321.8978857090018]], #007BFF, 13.0
[[-96.5556035478046, -5.465361169135961, -625.389489582431], [-92.8204480409257, -1.9091723682845845, -621.5169292632863]], #FF0000, 13.0
[[-317.8803689341516, 321.35572847740013, -325.5510459091495], [-296.24176051474655, 342.93319713537767, -321.8978857090018]], #007BFF, 13.0
[[-96.5556035478046, -5.465361169135961, -625.389489582431], [-92.8204480409257, -1.909172368284584, -621.5169292632863]], #FF0000, 13.0
[[-320.229483824325, 332.20246021390625, -328.8808541770051], [-298.59394646276127, 353.7860664486006, -325.2749388748312]], #007BFF, 13.1
[[-106.6281210527449, -5.540485278569704, -625.2848966405281], [-102.89301670497993, -1.9841147131587387, -621.4769828701169]], #FF0000, 13.1
[[-322.46057359044545, 343.08334829395955, -332.1898216517361], [-300.8280561829675, 364.67304650924353, -328.6028163019997]], #007BFF, 13.2
[[-116.70946539384896, -5.618317450572423, -625.2136207233444], [-112.97442301639192, -2.0617813751682053, -621.4061264326868]], #FF0000, 13.2
[[-324.57286152752494, 353.9946816766005, -335.46583975235626], [-302.94330135980744, 375.5904417600059, -331.8971885130427]], #007BFF, 13.3
[[-126.79886431040062, -5.698817863248017, -625.1421576520744], [-123.06389767966844, -2.142126539743167, -621.3350266239373]], #FF0000, 13.3
[[-326.56613777215847, 364.93282706466744, -338.71069442757573], [-304.93937505864295, 386.5346120717426, -335.15978539276546]], #007BFF, 13.4
[[-136.8955767574166, -5.781925359616534, -625.0693679551641], [-133.1607016659452, -2.22508426203802, -621.2625591041169]], #FF0000, 13.4
[[-328.4402045198042, 375.894289039879, -341.92619398734024], [-306.8160557391292, 397.5020492363907, -338.3924185779196]], #007BFF, 13.5
[[-146.99893478004603, -5.867552018133612, -624.9944428402897], [-143.2641674659753, -2.3105677608058657, -621.187928322557]], #FF0000, 13.5
[[-330.1953389031398, 386.8756293565681, -345.1142823631697], [-308.5736044563938, 408.4892819178498, -341.5970093884385]], #007BFF, 13.6
[[-157.10751157117994, -5.955610066511275, -624.9181902280963], [-153.3729137554883, -2.39849273908781, -621.1119136051215]], #FF0000, 13.6
[[-331.8325425654382, 397.8734289573818, -348.2770885221855], [-310.21301737069643, 419.4928394012483, -344.775691442145]], #007BFF, 13.7
[[-167.21908379853897, -6.045960434748287, -624.8415544086533], [-163.4847429528752, -2.4887246001085552, -621.035474133543]], #FF0000, 13.7
[[-333.3535945441657, 408.88429405529774, -351.4280648104949], [-311.736066366879, 430.50926082244706, -347.9198182143533]], #007BFF, 13.8
[[-177.3318099927922, -6.138428663937317, -624.7636997551439], [-173.59778394559484, -2.5810915366290246, -620.957815596481]], #FF0000, 13.8
[[-334.7610106854322, 419.9047970617725, -354.559906129526], [-313.1452586628327, 441.5350377682535, -351.042724828544]], #007BFF, 13.9
[[-187.44437601917392, -6.2328169217801115, -624.6832726455065], [-183.710706416941, -2.6753976277481324, -620.8775797678799]], #FF0000, 13.9
[[-336.05806150274606, 430.93145713118065, -357.6747234572351], [-314.44385611658396, 452.566598205431, -354.1497259566332]], #007BFF, 14.0
[[-197.55588087702003, -6.328891493821325, -624.5994142270898], [-193.8224508489894, -2.7714104768349026, -620.7938884355832]], #FF0000, 14.0
[[-317.8803689341516, 321.35572847740013, -325.5510459091495], [-296.24176051474655, 342.93319713537767, -321.8978857090018]], #007BFF, 14.0
[[-96.5556035478046, -5.465361169135961, -625.389489582431], [-92.8204480409257, -1.909172368284584, -621.5169292632863]], #FF0000, 14.0
[[-320.23657708043646, 332.2039040456588, -328.9080772531097], [-298.59039152343775, 353.7833195271258, -325.2489550490392]], #007BFF, 14.1
[[-106.62815140695271, -5.340856115775894, -625.3168969903363], [-102.89298635077212, -2.1837438759525476, -621.4449825203087]], #FF0000, 14.1
[[-322.4806923003831, 343.08397334717824, -332.2325925298138], [-300.82687930859765, 364.665577586611, -328.56684835579847]], #007BFF, 14.2
[[-116.70953935224313, -5.41861919285185, -625.2455468533576], [-112.97434905799776, -2.2614796328887787, -621.3742003026737]], #FF0000, 14.2
[[-324.60995722655366, 353.99288289430325, -335.52547446153693], [-302.9485324059888, 375.57696095871944, -331.8525469636699]], #007BFF, 14.3
[[-126.79899243268916, -5.4990551225800965, -625.1740269032362], [-123.0637695573799, -2.3418892804110873, -621.3031573727756]], #FF0000, 14.3
[[-326.6222416984589, 364.9275078404535, -338.78762351302237], [-304.9532975270222, 386.51444855548016, -335.10719388229643]], #007BFF, 14.4
[[-136.89576726388287, -5.582100279304971, -625.1011870188264], [-133.16051115947892, -2.424909342349583, -621.2307400404546]], #FF0000, 14.4
[[-328.5160002876712, 375.88467325287445, -342.02024255893025], [-306.8396942799784, 397.47494787440473, -338.3321503985684]], #007BFF, 14.5
[[-146.99919374598923, -5.667667273946559, -625.0262170373178], [-143.2639085000321, -2.5104525049929185, -621.1561541255289]], #FF0000, 14.5
[[-330.29028083053134, 386.861204149845, -345.2247911032049], [-308.60682823732697, 408.45533999761483, -341.5290002620844]], #007BFF, 14.6
[[-157.1078608837919, -5.755670284572041, -624.9499133243793], [-153.37256444287635, -2.598432521027045, -621.0801905088384]], #FF0000, 14.6
[[-331.94475662114235, 397.85400120939784, -348.40286573687763], [-310.2544187692299, 419.4525402356281, -344.6994233310411]], #007BFF, 14.7
[[-167.21955361714333, -5.845972007691925, -624.8732180606955], [-163.48427313427084, -2.6887130271649173, -621.0038104815008]], #FF0000, 14.7
[[-333.47969956891274, 408.86008174119854, -351.55619431233356], [-311.78277413561403, 430.46354028201154, -347.8452089252951]], #007BFF, 14.8
[[-177.33241852198148, -5.938399095382442, -624.795296880522], [-173.59717541640555, -2.7811211051838995, -620.926218471103]], #FF0000, 14.8
[[-334.8959751727896, 419.8766031447466, -354.68665336004165], [-313.1927891148937, 441.4854355357337, -350.968274563882]], #007BFF, 14.9
[[-187.44513628040752, -6.032754224062659, -624.7147904309707], [-183.7099461557074, -2.875460325465586, -620.8460619824157]], #FF0000, 14.9
[[-336.1949729290694, 430.9008387972625, -357.79645962204427], [-314.48587717327587, 452.5154025102737, -354.07086366973476]], #007BFF, 15.0
[[-197.5567301899131, -6.128803803915701, -624.6308351122707], [-193.82160153609632, -2.971498166740527, -620.7624675504023]], #FF0000, 15.0
[[-336.05806150274606, 430.93145713118065, -357.6747234572351], [-314.44385611658396, 452.566598205431, -354.1497259566332]], #007BFF, 15.0
[[-197.55588087702003, -6.328891493821325, -624.5994142270898], [-193.8224508489894, -2.7714104768349026, -620.7938884355832]], #FF0000, 15.0
[[-337.25810666441527, 441.95929292142273, -360.7750297060824], [-315.6315789525493, 463.60069015013744, -357.2477765321923]], #007BFF, 15.1
[[-207.66592134741828, -6.426281136700285, -624.5119889186396], [-203.93205518258995, -2.868959619971204, -620.7064573630864]], #FF0000, 15.1
[[-338.3623848539691, 452.98507831154353, -363.8693780124927], [-316.7235709987214, 474.6319409037, -360.3384252164799]], #007BFF, 15.2
[[-217.77375270916724, -6.524789049681333, -624.4212119427718], [-214.03942950465137, -2.967633171191235, -620.6157121683439]], #FF0000, 15.2
[[-339.3741430231853, 464.0060207718767, -366.96061891145644], [-317.72323873609935, 485.6575332248799, -363.42503362016976]], #007BFF, 15.3
[[-227.87918023088343, -6.6240866938632745, -624.3277321541294], [-224.14437963503423, -3.067103369987068, -620.5223032583784]], #FF0000, 15.3
[[-340.2981013940171, 475.019352264178, -370.051775646722], [-318.63528422844655, 496.67461908845144, -366.51096061533684]], #007BFF, 15.4
[[-237.98217927544212, -6.723833990354837, -624.2323173079442], [-234.24688243330164, -3.1670305386177517, -620.427019738687]], #FF0000, 15.4
[[-341.1397667399594, 486.0224774721857, -373.14583339305483], [-319.4651955632781, 507.6805345027231, -369.5994286486278]], #007BFF, 15.5
[[-248.08284014429663, -6.8236913054862836, -624.135712248763], [-244.34703167409575, -3.2670749197216686, -620.3306251525157]], #FF0000, 15.5
[[-341.9051750597962, 497.0130637772006, -376.2456399496864], [-320.2189874920249, 518.672899835509, -372.6934548446153]], #007BFF, 15.6
[[-258.18131835934804, -6.923334219500828, -624.0385470863778], [-254.44498867731608, -3.366901476850013, -620.2337673912211]], #FF0000, 15.6
[[-342.60076092032955, 507.9890910236597, -379.3538459395002], [-320.9030708041506, 529.6496788415377, -375.795816945166]], #007BFF, 15.7
[[-268.27779528698227, -7.022452655893429, -623.9413029803185], [-264.54094281892924, -3.466195068929067, -620.1369405649629]], #FF0000, 15.7
[[-343.23325490452964, 518.9488827706778, -382.47286043301636], [-321.5241500054675, 540.6092165833707, -378.9090274663768]], #007BFF, 15.8
[[-278.37245108238073, -7.120752483879141, -623.8443152894376], [-274.63508407315874, -3.5646685493132484, -620.0404881729487]], #FF0000, 15.8
[[-343.80959994632036, 529.8911209720685, -385.60482155910364], [-322.08913853910093, 551.5502577321093, -382.03531619733025]], #007BFF, 15.9
[[-288.46544941442806, -7.217968427567186, -623.7480347538765], [-284.72758720193696, -3.6620562176400178, -619.944393476143]], #FF0000, 15.9
[[-344.3368865384112, 540.8148444283087, -388.751582428127], [-322.60509302392967, 562.4719457387686, -385.1766225673839]], #007BFF, 16.0
[[-298.5569317808401, -7.313862395559254, -623.6524124119362], [-294.8186055150538, -3.758119689307935, -619.8489634354232]], #FF0000, 16.0
[[-336.1949729290694, 430.9008387972625, -357.79645962204427], [-314.48587717327587, 452.5154025102737, -354.07086366973476]], #007BFF, 16.0
[[-197.5567301899131, -6.128803803915701, -624.6308351122707], [-193.82160153609632, -2.9714981667405267, -620.7624675504023]], #FF0000, 16.0
[[-337.3751975261896, 441.9316615271769, -360.8892205864521], [-315.6674028858505, 463.54921176448596, -357.15441301443855]], #007BFF, 16.1
[[-207.66664948581638, -6.226398613442152, -624.5429979343572], [-203.93132704419185, -3.068842143229338, -620.6754483473688]], #FF0000, 16.1
[[-338.4425489319577, 452.96529542378136, -363.9662002591361], [-316.73642443623936, 474.58546652031777, -360.2229343858342]], #007BFF, 16.2
[[-217.7743595138544, -6.325111535457129, -624.4518389913668], [-214.03882269996421, -3.1673106854154387, -620.5850851197489]], #FF0000, 16.2
[[-339.3999919325741, 463.99918008058705, -367.0301280660802], [-317.6958585219632, 485.6218457277639, -363.2792061846398]], #007BFF, 16.3
[[-227.87966773296642, -6.4246165172063066, -624.3579991597087], [-224.14389213295124, -3.266573546644036, -620.4920362527992]], #FF0000, 16.3
[[-340.2512645432003, 475.03090986008397, -370.0838022068287], [-318.5486538294437, 496.65622270507663, -366.3260342753295]], #007BFF, 16.4
[[-237.98255166706514, -6.5245749328033575, -624.2622781075303], [-234.24651004167862, -3.3662895961692314, -620.3970589391009]], #FF0000, 16.4
[[-340.99987983956504, 486.0582522356524, -373.1300164569653], [-319.29871007543926, 507.68666309743844, -369.36618888188394]], #007BFF, 16.5
[[-248.0831038115402, -6.624647263653765, -624.1654389844988], [-244.34676800685216, -3.466118961554187, -620.3008984167799]], #FF0000, 16.5
[[-341.6497847050656, 497.0791597842771, -376.17152068244104], [-319.9501451331706, 518.71140794009, -372.4023743818574]], #007BFF, 16.6
[[-258.1814819972525, -6.724503243690001, -624.068129053101], [-254.4448250394116, -3.56573245266084, -620.204185424498]], #FF0000, 16.6
[[-342.20529630055756, 508.0917753850045, -379.21100056468094], [-320.5072926689165, 529.7288504757192, -375.4372166239423]], #007BFF, 16.7
[[-268.2778700111378, -6.823829606239376, -623.9708389438953], [-264.5408680947737, -3.6648181185831197, -620.1074046013861]], #FF0000, 16.7
[[-342.6710043705061, 519.0944320440213, -382.2510650992289], [-320.97474201179773, 540.7375118286535, -378.4732565770325]], #007BFF, 16.8
[[-278.37245050417954, -6.922335125743954, -623.8739078465883], [-274.63508465135993, -3.763085907448435, -620.0108956157981]], #FF0000, 16.8
[[-343.0517427257693, 530.085648826703, -385.2942357970855], [-321.35731483300316, 551.7360182227802, -381.5129447325763]], #007BFF, 16.9
[[-288.4653896528437, -7.019753839036982, -623.7775497395614], [-284.7276469635213, -3.860270806170222, -619.914878490458]], #FF0000, 16.9
[[-343.35256333676324, 541.0641239625353, -388.34293507029673], [-321.6600428860451, 562.723081434931, -384.558633945965]], #007BFF, 17.0
[[-298.5568314003795, -7.115847117536991, -623.6818889408186], [-294.81870589551437, -3.9561349673301978, -619.8194869065409]], #FF0000, 17.0
[[-344.3368865384112, 540.8148444283087, -388.751582428127], [-322.60509302392967, 562.4719457387686, -385.1766225673839]], #007BFF, 17.0
[[-298.5569317808401, -7.313862395559254, -623.6524124119362], [-294.8186055150538, -3.758119689307935, -619.8489634354232]], #FF0000, 17.0
[[-342.1750579003692, 551.7160724300858, -391.90866790628024], [-325.7264103774189, 573.3771563587223, -388.34054596950705]], #007BFF, 17.1
[[-308.647139339091, -7.408345063395567, -623.4929534809663], [-304.9081503006285, -3.8525292307068213, -619.8188333231054]], #FF0000, 17.1
[[-342.61907649763333, 562.5970674669073, -395.08193396595584], [-326.17258821590684, 584.2631385869478, -391.5234773211266]], #007BFF, 17.2
[[-318.73610168428695, -7.501112162644493, -623.3981270596184], [-314.9964109028233, -3.9452297601091137, -619.7255954709535]], #FF0000, 17.2
[[-343.0353601064116, 573.4579885391416, -398.27267663729805], [-326.59166733413025, 595.1298189262315, -394.725797050538]], #007BFF, 17.3
[[-328.8239147156102, -7.592014911932632, -623.3041729303502], [-325.08349041368973, -4.036071770529268, -619.633058138824]], #FF0000, 17.3
[[-343.43105404206, 584.2992645453445, -401.4818267739057], [-326.990871595118, 605.9773498731935, -397.9477901086399]], #007BFF, 17.4
[[-338.9106687765946, -7.680934317999062, -623.2110927114684], [-335.16948999460584, -4.124937400089786, -619.5412841646785]], #FF0000, 17.4
[[-343.81324425333236, 595.1215298692612, -404.7100020608014], [-327.3773253640781, 616.8060763361095, -401.18960700591043]], #007BFF, 17.5
[[-348.99645382369226, -7.767781324243584, -623.118917117589], [-345.2545130044887, -4.211740681719723, -619.4503301448763]], #FF0000, 17.5
[[-344.1889222944715, 605.925559850308, -407.9575492986664], [-327.7580157807112, 627.6164957448416, -404.45123594258024]], #007BFF, 17.6
[[-359.08136275827076, -7.852497663601229, -623.0276917285739], [-355.3386672591106, -4.296426596374113, -619.3602580686447]], #FF0000, 17.6
[[-344.5649465513633, 616.7122090947797, -411.22457015135967], [-328.13975378226337, 638.4092154938049, -407.73249080880305]], #007BFF, 17.7
[[-369.16549289992065, -7.935055947718009, -622.9374746533791], [-365.42206568279335, -4.378970302165319, -619.2711300249624]], #FF0000, 17.7
[[-344.94799915877417, 627.4823549591605, -414.51317130002604], [-328.5291334230879, 649.1849110216691, -411.030776299425]], #007BFF, 17.8
[[-379.24894594691546, -8.015459062053225, -622.8483283488225], [-375.50482565056427, -4.4593764097542286, -619.1830068205016]], #FF0000, 17.8
[[-345.34453858824907, 638.2368477544239, -417.82117291735597], [-328.9324895899548, 659.9442870418388, -414.34740262723165]], #007BFF, 17.9
[[-389.33182682054525, -8.093739067122884, -622.7603135879831], [-385.5870674042256, -4.537678095657839, -619.09594469173]], #FF0000, 17.9
[[-345.7607480905435, 648.9764691227631, -421.1476271366721], [-329.35585473942325, 670.6880434322734, -417.6821049125158]], #007BFF, 18.0
[[-399.41424179320404, -8.16995578513033, -622.6734841374245], [-395.6689118847929, -4.613935906576533, -619.0099928144892]], #FF0000, 18.0
[[-343.35256333676324, 541.0641239625353, -388.34293507029673], [-321.6600428860451, 562.723081434931, -384.558633945965]], #007BFF, 18.0
[[-298.5568314003795, -7.115847117536991, -623.6818889408186], [-294.81870589551437, -3.9561349673301978, -619.8194869065409]], #FF0000, 18.0
[[-343.5821879845406, 552.0336366772859, -391.39796354840684], [-321.88468847777403, 573.6925620279618, -387.61398594353847]], #007BFF, 18.1
[[-308.4239687657117, -7.210200968571285, -623.4122914945364], [-305.13132087400777, -4.050673325531103, -619.8994953095354]], #FF0000, 18.1
[[-343.74227251993756, 562.9883538531693, -394.46232587585433], [-322.0404781818508, 584.6481025700492, -390.6798933510692]], #007BFF, 18.2
[[-318.51291295722194, -7.302831690750106, -623.3184544857646], [-315.2195996298883, -4.143510232003501, -619.8052680448073]], #FF0000, 18.2
[[-343.83839521366883, 573.9272953962799, -397.53826381409186], [-322.13299545460904, 595.5886935987663, -393.75770673651124]], #007BFF, 18.3
[[-328.6006862007295, -7.393588804587367, -623.225369296335], [-325.30671892857043, -4.234497877874533, -619.7118617728393]], #FF0000, 18.3
[[-343.8762525748022, 584.8496088422131, -400.62883795209615], [-322.1679093037504, 606.5134128131593, -396.8477053714302]], #007BFF, 18.4
[[-338.68737970472466, -7.4823525726829345, -623.1330664277829], [-335.3927790664758, -4.323519145405914, -619.619310448364]], #FF0000, 18.4
[[-343.8616142091676, 595.7545728310512, -403.73457841603465], [-322.15096985853535, 617.4214305830327, -399.9524015948168]], #007BFF, 18.5
[[-348.77308312972, -7.569034212994334, -623.0415888390793], [-345.4778836984609, -4.410487792968973, -619.527658423386]], #FF0000, 18.5
[[-343.800291793437, 606.6416020364857, -406.8567366246467], [-322.08798503902034, 628.3120183390822, -403.073250091507]], #007BFF, 18.6
[[-358.85788836563995, -7.653639343179267, -622.9509961780094], [-355.5621416517414, -4.4952849167960744, -619.4369536192092]], #FF0000, 18.6
[[-343.698112220677, 617.5102531928849, -409.99639348190897], [-321.9847888217921, 639.1845600240006, -406.21150732113244]], #007BFF, 18.7
[[-368.94189149478075, -7.73610569320711, -622.8613566871953], [-365.64566708793325, -4.577920556676219, -619.3472479911462]], #FF0000, 18.7
[[-343.56089050824505, 628.3602316770367, -413.1544437919727], [-321.84720676732377, 650.0385663241956, -409.36822232955836]], #007BFF, 18.8
[[-379.0251931365461, -7.8164362294138545, -622.7727416644298], [-375.72857846093365, -4.658399242393598, -619.2585935048944]], #FF0000, 18.8
[[-343.39440165797845, 639.1913980717084, -416.33158699724765], [-321.68102069577, 660.8736908818762, -412.5442300147454]], #007BFF, 18.9
[[-389.1078975775159, -7.894664224654192, -622.6852193488261], [-385.8109966472549, -4.736752938126531, -619.171038930887]], #FF0000, 18.9
[[-343.2043518450462, 650.0037740464652, -419.52832458512205], [-321.491933233332, 671.6897472639978, -415.74014780354344]], #007BFF, 19.0
[[-399.19011107776345, -7.970850376728304, -622.5988503196471], [-395.8930426002335, -4.813041314978559, -619.0846266322666]], #FF0000, 19.0
[[-345.7607480905435, 648.9764691227631, -421.1476271366721], [-329.35585473942325, 670.6880434322734, -417.6821049125158]], #007BFF, 19.0
[[-399.41424179320404, -8.16995578513033, -622.6734841374245], [-395.6689118847929, -4.613935906576533, -619.0099928144892]], #FF0000, 19.0
[[-346.1800745534476, 659.7217543231266, -424.5071362768473], [-329.82731217592897, 681.3969852050805, -421.0186895950559]], #007BFF, 19.1
[[-409.4963583975998, -8.200292291731591, -622.5890298676496], [-405.75041583875463, -4.732139138521623, -618.9240364425876]], #FF0000, 19.1
[[-346.6304985101168, 670.453392065107, -427.88478132849804], [-330.32960539710007, 692.0915236413643, -424.370043857549]], #007BFF, 19.2
[[-419.57826895608804, -8.272817006166395, -622.5056336995204], [-415.8317029314157, -4.804440319350636, -618.8394209749448]], #FF0000, 19.2
[[-347.11709535061215, 681.1719896324238, -431.2788732917825], [-330.86747265474406, 702.7719639567923, -427.7355798945166]], #007BFF, 19.3
[[-429.66007958767227, -8.343608242352374, -622.4233650948443], [-425.91287153745054, -4.875026466732389, -618.7560821915235]], #FF0000, 19.3
[[-347.6443513860427, 691.8780782376743, -434.68773852992217], [-331.44519096814213, 713.4385503825315, -431.1145191606919]], #007BFF, 19.4
[[-439.74188873035934, -8.41281727767614, -622.3422327095996], [-435.99401256539244, -4.944051124475695, -618.6739998610408]], #FF0000, 19.4
[[-348.2160576960133, 702.572096768015, -438.10970887370024], [-332.0665494302274, 724.0915196932654, -434.5059660884035]], #007BFF, 19.5
[[-449.8237838785582, -8.480613341128006, -622.2622360837021], [-446.07520860815214, -5.011684743336489, -618.5931436411455]], #FF0000, 19.5
[[-348.8352954076398, 713.2544002119869, -441.5431388905652], [-332.7347095400428, 734.7311686130745, -437.9088893556157]], #007BFF, 19.6
[[-459.9058388398898, -8.547181711046626, -622.1833508026962], [-456.1565324630521, -5.078111820158947, -618.5134863997393]], #FF0000, 19.6
[[-349.50869205079744, 723.9243216247766, -444.98642075948516], [-333.4478102673105, 745.3588771005203, -441.3221217590777]], #007BFF, 19.7
[[-469.9881115068479, -8.612909416127877, -622.1055369408626], [-466.2380453066612, -5.14334031838916, -618.434995204671]], #FF0000, 19.7
[[-350.26232277498303, 734.5716699149633, -448.43802336662685], [-334.1829888892118, 755.985666017392, -444.7444453166217]], #007BFF, 19.8
[[-480.0706421540771, -8.67781882759839, -622.0287400136303], [-476.3197947595582, -5.207763109580651, -618.3576306275313]], #FF0000, 19.8
[[-351.06706785844625, 745.2087125915142, -451.9044297480072], [-334.9709856595062, 766.6003081873824, -448.1666241909417]], #007BFF, 19.9
[[-490.15345224427625, -8.742123798673468, -621.9528942249609], [-486.40181307206154, -5.271596825755771, -618.2813444565523]], #FF0000, 19.9
[[-351.92294598818495, 755.8357237429166, -455.3829018480385], [-335.8119018071473, 777.2036679883668, -451.58924110048304]], #007BFF, 20.0
[[-500.2365437455667, -8.80604340559795, -621.877924579926], [-496.48411561084197, -5.335063121931679, -618.2060791342005]], #FF0000, 20.0
[[-343.2043518450462, 650.0037740464652, -419.52832458512205], [-321.491933233332, 671.6897472639978, -415.74014780354344]], #007BFF, 20.0
[[-399.19011107776345, -7.970850376728304, -622.5988503196471], [-395.8930426002335, -4.813041314978559, -619.0846266322666]], #FF0000, 20.0
[[-343.01160334025997, 660.797053817509, -422.75140592293997], [-321.270282432778, 682.487209024666, -418.9498428081772]], #007BFF, 20.1
[[-409.2724523991489, -8.045139969279333, -622.5003224961717], [-405.97432183720554, -4.887291460973882, -619.0127438140655]], #FF0000, 20.1
[[-342.8077969409043, 671.5718090257946, -425.99151356701003], [-321.0353645570428, 693.265984936983, -422.1825391763262]], #007BFF, 20.2
[[-419.3545942337044, -8.117559915951729, -622.4166659975326], [-416.0553776537993, -4.959697409565303, -618.9283886769326]], #FF0000, 20.2
[[-342.59776246746594, 682.3286238766398, -429.2492303304705], [-320.79294499610944, 704.026328030224, -425.4371732428988]], #007BFF, 20.3
[[-429.43663681669995, -8.188246836325032, -622.3341998550544], [-426.13631430842287, -5.030387872759732, -618.8452474313134]], #FF0000, 20.3
[[-342.386311291834, 693.068038780985, -432.5293297156482], [-320.54840240108615, 714.7689066114108, -428.70823662429444]], #007BFF, 20.4
[[-439.5186689183696, -8.257355653210556, -622.252919201515], [-436.2172323773822, -5.099512748941279, -618.7633133691253]], #FF0000, 20.4
[[-342.1782400081972, 703.7906262777129, -435.83488441298533], [-320.30667561027263, 725.4947205374677, -431.9917179023726]], #007BFF, 20.5
[[-449.6007672720559, -8.325062553139542, -622.1728272204679], [-446.2982252146544, -5.167235531324952, -618.6825525043797]], #FF0000, 20.5
[[-341.97822634374506, 714.4970312537517, -439.1600557313726], [-320.0723231875387, 736.2050065809946, -435.2924769444917]], #007BFF, 20.6
[[-459.68299558692024, -8.391557049249133, -622.0939072630536], [-456.3793757160216, -5.2337364819564405, -618.602929939382]], #FF0000, 20.6
[[-341.790716516867, 725.1880280564128, -442.50541964090263], [-319.84958537419703, 746.9011764591844, -438.60883459041173]], #007BFF, 20.7
[[-469.7654034938241, -8.457028328364274, -622.01613106866], [-466.46075331968495, -5.299221406152763, -618.5244010768737]], #FF0000, 20.7
[[-341.61983824144244, 735.864553408679, -445.8689406594761], [-319.64238742063236, 757.5847529486106, -441.9415862208594]], #007BFF, 20.8
[[-479.84802543153336, -8.52168251139933, -621.9394561978457], [-476.54241148210195, -5.363899425779713, -618.4469144433159]], #FF0000, 20.8
[[-341.4693330011727, 746.5277079392741, -449.2490190829737], [-319.45433111809655, 768.2572999366197, -445.2910209193421]], #007BFF, 20.9
[[-489.9308796445299, -8.585733892986422, -621.8638278974104], [-486.6243856718079, -5.427986731442817, -618.3704107841029]], #FF0000, 20.9
[[-341.34247610946534, 757.1787619456877, -452.6453758380717], [-319.28865218112685, 778.9203769235642, -448.6559724535831]], #007BFF, 21.0
[[-500.0139674110744, -8.649402203074827, -621.7891800280411], [-496.7066919453342, -5.491704324454803, -618.2948236860855]], #FF0000, 21.0
[[-351.92294598818495, 755.8357237429166, -455.3829018480385], [-335.8119018071473, 777.2036679883668, -451.58924110048304]], #007BFF, 21.0
[[-500.2365437455667, -8.80604340559795, -621.877924579926], [-496.48411561084197, -5.335063121931679, -618.2060791342005]], #FF0000, 21.0
[[-352.8232974256647, 766.4348008179896, -458.86157654424886], [-336.7109705370808, 787.8149934811069, -455.02226489273795]], #007BFF, 21.1
[[-510.3198450077389, -8.869916421443438, -621.7285541308793], [-506.5667534874244, -5.398269266876852, -618.2069556724477]], #FF0000, 21.1
[[-353.7729679375503, 777.0247591748048, -462.343274696138], [-337.660338462045, 798.4170086574136, -458.4610867453043]], #007BFF, 21.2
[[-520.403361547532, -8.933848420219018, -621.6540413831583], [-516.6496621983034, -5.4615563398701035, -618.134525398603]], #FF0000, 21.2
[[-354.769778925159, 787.6048186979458, -465.85018480265177], [-338.6576360129526, 809.0122679389992, -461.8820736987573]], #007BFF, 21.3
[[-530.487037311789, -8.998060297679697, -621.5803644914681], [-526.732802951034, -5.525146070188653, -618.0626109147486]], #FF0000, 21.3
[[-355.8107855522495, 798.176031892204, -469.3748077445108], [-339.699742171, 819.6017346872491, -465.29168577499775]], #007BFF, 21.4
[[-540.5707977740885, -9.062768331162188, -621.5073884442412], [-536.8161224981695, -5.589255924680654, -617.9911484391561]], #FF0000, 21.4
[[-356.8922709931954, 808.739377525482, -472.89793807585346], [-340.7828217168978, 830.1866664268971, -468.70847053036897]], #007BFF, 21.5
[[-550.654553650684, -9.128183369351797, -621.4349925507978], [-546.8995525583084, -5.654095688718196, -617.9200619980603]], #FF0000, 21.5
[[-358.0097765523106, 819.2957254316882, -476.42002510472054], [-341.9023417811599, 840.7686098933527, -472.1316680848957]], #007BFF, 21.6
[[-560.7382041485484, -9.194546807424981, -621.3630713892326], [-556.9830100722402, -5.719827574324412, -617.8492646483755]], #FF0000, 21.6
[[-359.1581404992487, 829.8460536073, -479.94153225234135], [-343.0530893789165, 851.349128216173, -475.5608041333497]], #007BFF, 21.7
[[-570.8216397977172, -9.262052406547095, -621.2915306634283], [-567.0663982690133, -5.7866407932575195, -617.7786653714226]], #FF0000, 21.7
[[-360.3315373535012, 840.3914745863318, -483.46292102397257], [-344.22919760272885, 861.9297069534135, -478.99564622582994]], #007BFF, 21.8
[[-580.9047449542489, -9.330862492892644, -621.220285555805], [-577.1496084126451, -5.85473206497609, -617.7081739168273]], #FF0000, 21.8
[[-361.523519435557, 850.9332400537756, -486.9846306198119], [-345.4241787490977, 872.5116732587925, -482.43615889042815]], #007BFF, 21.9
[[-590.9874000432612, -9.401144122957051, -621.1492593232075], [-587.2325220635244, -5.924266493930234, -617.6377056526068]], #FF0000, 21.9
[[-362.72706244450285, 861.4727252107263, -490.50705748829955], [-346.63096240762536, 883.0961310373071, -485.8824562527735]], #007BFF, 22.0
[[-601.0694836039747, -9.473049353483631, -621.0783828947527], [-597.3150136655045, -5.9953947053998045, -617.5671854138787]], #FF0000, 22.0
[[-341.34247610946534, 757.1787619456877, -452.6453758380717], [-319.28865218112685, 778.9203769235642, -448.6559724535831]], #007BFF, 22.0
[[-500.0139674110744, -8.649402203074827, -621.7891800280411], [-496.7066919453342, -5.491704324454803, -618.2948236860855]], #FF0000, 22.0
[[-340.7523397547631, 770.8066101478925, -456.1009030287838], [-319.6377991845091, 786.5880442854349, -451.9917864591341]], #007BFF, 22.1
[[-510.09682957056975, -8.713037759212895, -621.7154223923432], [-506.78976892459355, -5.555147929107395, -618.2200874109839]], #FF0000, 22.1
[[-340.6328715717427, 781.4089323837841, -459.5721808955436], [-319.5722067050052, 797.2656101135699, -455.33960335662493]], #007BFF, 22.2
[[-520.1798800748239, -8.776734019134677, -621.6424008576319], [-516.8731436710115, -5.618670740954444, -618.1461659241295]], #FF0000, 22.2
[[-340.54327006696866, 792.0035949225594, -463.0564925604937], [-319.5358751822609, 807.9381692379711, -458.6997453269833]], #007BFF, 22.3
[[-530.2630683189301, -8.840713992031358, -621.5699965217634], [-526.9567719438929, -5.682492375836991, -618.0729788844533]], #FF0000, 22.3
[[-340.4848833388076, 802.5922344001931, -466.55381454361975], [-319.5294711573958, 818.6069371161145, -462.0699509476465]], #007BFF, 22.4
[[-540.3463315264589, -8.905196578526976, -621.4981226375378], [-537.0405887457991, -5.746827677315867, -618.0004142458595]], #FF0000, 22.4
[[-340.4581275512936, 813.1768527177016, -470.07006533096904], [-319.5533956254569, 829.2726362343981, -465.44201620351924]], #007BFF, 22.5
[[-550.4295951921608, -8.97039190357793, -621.4266866503907], [-547.1245110168315, -5.811887154492063, -617.9283678984674]], #FF0000, 22.5
[[-340.462676440621, 823.7595152277321, -473.59340671035653], [-319.6076235472504, 839.9356236791649, -468.82594555884583]], #007BFF, 22.6
[[-560.5127738242471, -9.036500659470322, -621.3556032358989], [-557.2084403965415, -5.87787372227907, -617.8567328017092]], #FF0000, 22.6
[[-340.4975754971419, 834.3423823040661, -477.1228899025078], [-319.69151800652145, 850.5959441910153, -472.2208442034037]], #007BFF, 22.7
[[-570.5957720338282, -9.103713249465434, -621.2847905960989], [-567.2922660329024, -5.9449799503391825, -617.7854054387519]], #FF0000, 22.7
[[-340.56128058319143, 844.9275719435243, -480.6576639039289], [-319.8037982513665, 861.253369717138, -475.6259475440494]], #007BFF, 22.8
[[-580.6784859868324, -9.172224813689418, -621.2141726632753], [-577.3758673800617, -6.013369744179316, -617.714286809357]], #FF0000, 22.8
[[-340.65165146365604, 855.5170785795691, -484.1969403037088], [-319.94254642143204, 871.9074728264328, -479.04060283121584]], #007BFF, 22.9
[[-590.760805165264, -9.24223813051849, -621.1436796379896], [-587.4591169415216, -6.083172486368793, -617.6432853378246]], #FF0000, 22.9
[[-340.76595279180043, 866.1126822404624, -487.7400057101338], [-320.1052348784131, 882.557696239001, -482.4642852000941]], #007BFF, 23.0
[[-600.8426143549289, -9.313870769869741, -621.0732492908727], [-597.5418829145503, -6.154573289013695, -617.5723190177588]], #FF0000, 23.0
[[-362.72706244450285, 861.4727252107263, -490.50705748829955], [-346.63096240762536, 883.0961310373071, -485.8824562527735]], #007BFF, 23.0
[[-601.0694836039747, -9.473049353483631, -621.0783828947527], [-597.3150136655045, -5.995394705399804, -617.5671854138787]], #FF0000, 23.0
[[-363.94583545183207, 872.2253402184385, -494.07468649198046], [-347.83071723968, 893.4699626430465, -489.29051955694723]], #007BFF, 23.1
[[-611.151780237637, -9.546489815427305, -621.0095781121503], [-607.3960470374984, -6.068476027665129, -617.4945610871713]], #FF0000, 23.1
[[-365.16092679149875, 882.8038329822363, -497.64522180991054], [-349.0262296456121, 904.0224239654218, -492.7027933174473]], #007BFF, 23.2
[[-621.2333826719674, -9.621793723632617, -620.9404545478601], [-617.4762775660746, -6.1434197286669345, -617.422097253587]], #FF0000, 23.2
[[-366.36375733393106, 893.3837854536946, -501.2178962859053], [-350.2091239813327, 914.5796222466158, -496.1200337833167]], #007BFF, 23.3
[[-631.3141544182456, -9.699067813901944, -620.8710207176146], [-627.5555951309261, -6.22032184885827, -617.34968652771]], #FF0000, 23.3
[[-367.545491669035, 903.9650213613, -504.7920430324504], [-351.37057304010267, 925.1430826099564, -499.54272250162745]], #007BFF, 23.4
[[-641.3939649225565, -9.778401411968607, -620.8012732151682], [-637.6338936074351, -6.299259862996888, -617.2772674665013]], #FF0000, 23.4
[[-368.6971976469192, 914.5471957978351, -508.3978404352501], [-352.5012776481225, 935.7141413404046, -502.9402251690714]], #007BFF, 23.5
[[-651.472691416577, -9.859863258920798, -620.7312167721275], [-647.7110726860557, -6.380295331249303, -617.2048030643257]], #FF0000, 23.5
[[-369.8097997892058, 925.1298728520508, -512.0150645554456], [-353.59167215632846, 946.2938674800173, -506.3319483323598]], #007BFF, 23.6
[[-661.5502203999724, -9.94350168696885, -620.6608608055844], [-657.7870393086246, -6.463473668522027, -617.1322821890612]], #FF0000, 23.6
[[-370.8740850199929, 935.7125904893181, -515.6304875755617], [-354.63209518605834, 956.8830138150323, -509.72986015229066]], #007BFF, 23.7
[[-671.6264486359275, -10.029345888030264, -620.590223772153], [-667.8617090430259, -6.548823240252584, -617.0597130226906]], #FF0000, 23.7
[[-371.8807800803798, 946.2949298236325, -519.2430932642774], [-355.61290089418486, 967.481979300284, -513.1332090965841]], #007BFF, 23.8
[[-681.7012839420858, -10.117406909823607, -620.519334363217], [-677.9350072825144, -6.636355106407028, -616.9871196625045]], #FF0000, 23.8
[[-372.82065148804537, 956.8765790685311, -522.8516557362224], [-356.52455334893585, 978.0907906986415, -516.5408982846253]], #007BFF, 23.9
[[-691.7746458582261, -10.207678450833022, -620.4482328954007], [-688.0068703127973, -6.726063315042196, -616.9145386397561]], #FF0000, 23.9
[[-373.68460577172294, 967.4573855661029, -526.4546833247932], [-357.3577193097379, 988.7091069933667, -519.9515168189196]], #007BFF, 24.0
[[-701.8464662771175, -10.300137626381634, -620.3769716767036], [-698.077246240055, -6.817925553819723, -616.8420165937374]], #FF0000, 24.0
[[-340.76595279180043, 866.1126822404624, -487.7400057101338], [-320.1052348784131, 882.557696239001, -482.4642852000941]], #007BFF, 24.0
[[-600.8426143549289, -9.313870769869741, -621.0732492908727], [-597.5418829145503, -6.154573289013694, -617.5723190177588]], #FF0000, 24.0
[[-340.9762014317071, 876.6850589945537, -491.2621516196222], [-320.21341568223994, 893.2342234533454, -485.92060760040505]], #007BFF, 24.1
[[-610.9247398909926, -9.376986031037807, -620.9249577532105], [-607.6230873841429, -6.237979812054627, -617.5791814461111]], #FF0000, 24.1
[[-341.20391055227475, 887.2637732452242, -494.7908041387294], [-320.33801953344295, 903.9079553877252, -489.3810021601611]], #007BFF, 24.2
[[-621.0060625826608, -9.451951614573645, -620.8547418121665], [-617.7035976553813, -6.313261837725906, -617.5078099892806]], #FF0000, 24.2
[[-341.44468526803456, 897.8486588161127, -498.32472740943194], [-320.4748441182401, 914.5791762849319, -492.845756975589]], #007BFF, 24.3
[[-631.0864621315988, -9.528865765888654, -620.7843514685846], [-627.783287417573, -6.390523896871562, -617.4363557767399]], #FF0000, 24.3
[[-341.6935614466764, 908.4391022116456, -501.86297168206755], [-320.6192844572038, 925.2483100315012, -496.31511888184383]], #007BFF, 24.4
[[-641.1658172517793, -9.607812537914175, -620.7137446805255], [-637.8620412782122, -6.469848737051322, -617.364796001144]], #FF0000, 24.4
[[-341.94528944575745, 919.0341853560341, -505.4591579665855], [-320.7661220716253, 935.9158174517423, -499.7349618784277]], #007BFF, 24.5
[[-651.2440103592188, -9.688857130317258, -620.6429235071453], [-647.9397537434139, -6.5513014598528425, -617.2930963293079]], #FF0000, 24.5
[[-342.1942366150542, 929.6328200645224, -509.0700159939851], [-320.9097019674119, 946.5821069001796, -503.1481923850458]], #007BFF, 24.6
[[-661.3209312198057, -9.772046362721937, -620.5719019715806], [-658.0163284887913, -6.634928992768938, -617.2212410230651]], #FF0000, 24.6
[[-342.4343311440513, 940.2338661267327, -512.6798318212341], [-321.0440735755415, 957.2474642188963, -506.5702381486047]], #007BFF, 24.7
[[-671.3964797659027, -9.857409209525857, -620.5007117248741], [-668.0916779130508, -6.7207599187569915, -617.1492250699695]], #FF0000, 24.7
[[-342.65910451994785, 950.8362304815547, -516.288342048177], [-321.1630371328936, 967.9120020746051, -510.00108841158305]], #007BFF, 24.8
[[-681.4705680927447, -9.944957211079773, -620.4293957809281], [-678.1657231318555, -6.808804805150862, -617.0770582447934]], #FF0000, 24.8
[[-342.8617777163669, 961.438945591991, -519.8953779331716], [-321.26014905188276, 978.5756279229985, -513.4405867718683]], #007BFF, 24.9
[[-691.5431218172632, -10.034886421032255, -620.3580071557473], [-688.2383943537602, -6.898855344842965, -617.0047643794095]], #FF0000, 24.9
[[-343.0353500089209, 972.0412260184767, -523.5075419691602], [-321.3287276838415, 989.2380303334069, -516.8816939793194]], #007BFF, 25.0
[[-701.614080957167, -10.127241451637895, -620.2866068243044], [-698.3096315600056, -6.990821728563463, -616.9323814461367]], #FF0000, 25.0
[[-373.68460577172294, 967.4573855661029, -526.4546833247932], [-357.3577193097379, 988.7091069933667, -519.9515168189196]], #007BFF, 25.0
[[-701.8464662771175, -10.300137626381634, -620.3769716767036], [-698.077246240055, -6.817925553819723, -616.8420165937374]], #FF0000, 25.0
[[-374.50692588845567, 977.9953830427864, -530.0488867067069], [-358.0602365833476, 999.3782458556468, -523.3647986321938]], #007BFF, 25.1
[[-711.8683148628352, -10.39455294032437, -620.305479666504], [-708.1944708514955, -6.912096863228179, -616.7697372628797]], #FF0000, 25.1
[[-375.2309439177799, 988.5352737523738, -533.6283559728438], [-358.67166636582647, 1010.0527327628386, -526.7822950901598]], #007BFF, 25.2
[[-721.9360043671716, -10.491061468194614, -620.2339908931073], [-718.2626634389253, -7.008334509701195, -616.697578888267]], #FF0000, 25.2
[[-375.8491336704971, 999.0767389267303, -537.1921923363046], [-359.1833035649477, 1020.7320875839578, -530.2000335925624]], #007BFF, 25.3
[[-732.0020581542606, -10.589590739529084, -620.1626463751762], [-728.3292615667231, -7.106578557724648, -616.6255311679018]], #FF0000, 25.3
[[-376.3545324620885, 1009.6195144509085, -540.7389091360548], [-359.5868509260888, 1031.4158180886384, -533.614265566708]], #007BFF, 25.4
[[-742.066462853843, -10.690055976147612, -620.0915264006316], [-738.3942700324264, -7.206756817956585, -616.5536665730766]], #FF0000, 25.4
[[-376.74081852882097, 1020.1634895200898, -544.2665384963091], [-359.87443952130326, 1042.103364132697, -537.0214600332902]], #007BFF, 25.5
[[-752.1292160427076, -10.792366392212923, -620.0207214387927], [-748.4577140265224, -7.308781254151171, -616.4820649551033]], #FF0000, 25.5
[[-377.0022599189519, 1030.7087707973449, -547.7727571294466], [-360.03875631333466, 1052.7940551713666, -540.4182990583157]], #007BFF, 25.6
[[-762.1903303744813, -10.896424226510202, -619.950310843086], [-758.5196352330314, -7.4125518727629505, -616.4108303861698]], #FF0000, 25.6
[[-377.1336362919636, 1041.25570718818, -551.2550064826113], [-360.07319119531905, 1063.4870882429884, -543.8016782960827]], #007BFF, 25.7
[[-772.2498361957636, -11.002124292639664, -619.8803733068411], [-768.5800889962601, -7.517960226084401, -616.3400765917694]], #FF0000, 25.7
[[-377.13027014188145, 1051.8048888045644, -554.7106166942752], [-359.9718885340745, 1074.1815189657984, -547.1686792902943]], #007BFF, 25.8
[[-782.3077828146944, -11.109354818887892, -619.8109865943636], [-778.6391425100823, -7.6248916852345605, -616.2699235373568]], #FF0000, 25.8
[[-376.9880743220961, 1062.3571304961235, -558.1404362898102], [-359.7298043589038, 1084.8762570898145, -550.5130159373207]], #007BFF, 25.9
[[-792.3642386914174, -11.217999107638837, -619.7422299842326], [-788.6968738377387, -7.733226903782517, -616.2004917307734]], #FF0000, 25.9
[[-376.7035448919029, 1072.9134036920982, -561.5488817482773], [-359.3427760445753, 1095.5700737723355, -553.8251531405784]], #007BFF, 26.0
[[-802.4192908535056, -11.327937326173995, -619.674184659334], [-798.7533714960014, -7.84284312379442, -616.1318989295991]], #FF0000, 26.0
[[-343.0353500089209, 972.0412260184767, -523.5075419691602], [-321.3287276838415, 989.2380303334069, -516.8816939793194]], #007BFF, 26.0
[[-701.614080957167, -10.127241451637895, -620.2866068243044], [-698.3096315600056, -6.990821728563462, -616.9323814461367]], #FF0000, 26.0
[[-343.1327999679641, 984.6435981484196, -527.0275456632866], [-321.4017617882176, 997.8975800256064, -520.421016215006]], #007BFF, 26.1
[[-711.6849388110462, -10.221977619107427, -620.2164387553545], [-708.3778469032844, -7.084672184445122, -616.8587781740292]], #FF0000, 26.1
[[-343.19093298146504, 995.2558278882045, -530.7143588029473], [-321.42819968267725, 1008.5434062617467, -523.7984146573883]], #007BFF, 26.2
[[-721.7542595617047, -10.31878170366147, -620.1462182708408], [-718.4444082443922, -7.180614274234339, -616.7853515105335]], #FF0000, 26.2
[[-343.20182440118396, 1005.8634935063392, -534.3988616900679], [-321.4016092221444, 1019.1888826499023, -527.1815393368213]], #007BFF, 26.3
[[-731.8220310654094, -10.41757803039723, -620.0760253849776], [-728.5092886555742, -7.278591266856502, -616.7121521581005]], #FF0000, 26.3
[[-343.15755744493975, 1016.4652518346929, -538.0736503375871], [-321.3155469603378, 1029.8343951766963, -530.5760510004221]], #007BFF, 26.4
[[-741.8882536666661, -10.518279562085958, -620.005936190899], [-738.5724792196033, -7.378533232018238, -616.6392567828092]], #FF0000, 26.4
[[-343.0504594725444, 1027.0593612904215, -541.7503989376437], [-321.1634454632075, 1040.480835940686, -533.9682203332848]], #007BFF, 26.5
[[-751.9529362471866, -10.620795593604573, -619.9360412683532], [-748.6339938220434, -7.480352052759521, -616.5667451255429]], #FF0000, 26.5
[[-342.87309472229157, 1037.6439750156119, -545.435887457797], [-320.9387450828395, 1051.1293144398646, -537.3488801696687]], #007BFF, 26.6
[[-762.0160948454755, -10.725029900326785, -619.8664377305071], [-758.6938707620371, -7.583946198946368, -616.4947034987487]], #FF0000, 26.6
[[-342.61825231196855, 1048.2173845030368, -549.1157936551251], [-320.6350285879968, 1061.7809063704233, -540.7296320098098]], #007BFF, 26.7
[[-772.077752768776, -10.830878860562029, -619.7972293077205], [-768.7521724232477, -7.689205658162036, -616.42322059089]], #FF0000, 26.7
[[-342.2789965524971, 1058.7782131554877, -552.7873953441534], [-320.2460903068445, 1072.4364417813617, -544.1101594246392]], #007BFF, 26.8
[[-782.137941696392, -10.938231814804617, -619.7285234265314], [-778.8089836283847, -7.796014689317836, -616.352386705189]], #FF0000, 26.8
[[-341.8487464651242, 1069.3255605004128, -556.4482635089275], [-319.76597284528856, 1083.0963339905416, -547.4895648478005]], #007BFF, 26.9
[[-792.196703172072, -11.04697268326977, -619.6604292595142], [-788.8644093570841, -7.904253328151585, -616.2822924554918]], #FF0000, 26.9
[[-341.3213875260402, 1079.859097238775, -560.096145247848], [-319.1889685037054, 1093.760451638578, -550.8665280233222]], #007BFF, 27.0
[[-802.2540900804092, -11.15698189358646, -619.5930556091191], [-798.9185722690977, -8.013798556381955, -616.2130279798139]], #FF0000, 27.0
